-1926
-1388
-1285
-1280
-1004
-983
-787
-581
-580
-453
-425
12
158
201
252
317
430
508
609
894
895
964
965
1049
1703
1807
1822
1899
1910
1917
2102
2537
3115
3212
3499
3637
3647
3838
3863
3922
3972
3996
4438
4584
4759
4917
6003
6114
6271
6331
6333
6357
6422
6519
6908
7074
7262
7540
7793
7835
7902
7963
8085
8530
8691
9067
9241
9319
9525
10120
10279
10461
10766
11024
11191
11258
11456
11611
11646
11848
12120
12193
12239
12425
12439
12578
12721
12748
12821
13012
13115
13299
13325
13444
13690
13693
14074
14122
14162
14269
14445
14547
14670
14922
15005
15195
15320
15735
15737
15944
15958
16072
16190
16250
16256
16320
16656
16910
16913
17167
17202
17315
17396
17595
17914
18219
18597
18712
18954
19111
19147
19246
19324
19399
19595
19741
19962
19982
20116
20234
20385
20456
20936
21388
21578
21817
21967
22088
22103
22194
22762
22864
22869
23040
23113
23142
23209
23427
23472
23481
23539
23610
23667
23820
23859
23971
24251
24577
24603
24839
25205
25269
25438
25682
25790
25830
25867
26119
26158
26213
26367
26455
26532
26719
26901
26990
27142
27383
27613
27667
28142
28247
28347
28368
28489
29128
29201
29255
29423
29482
29553
29574
29680
29758
29901
