-1998
-1996
-1994
-1988
-1987
-1981
-1980
-1976
-1973
-1972
-1971
-1969
-1967
-1967
-1965
-1961
-1959
-1958
-1958
-1957
-1952
-1950
-1947
-1947
-1946
-1942
-1941
-1939
-1934
-1927
-1927
-1926
-1926
-1924
-1924
-1922
-1922
-1922
-1921
-1920
-1919
-1916
-1915
-1914
-1914
-1912
-1910
-1909
-1909
-1904
-1900
-1899
-1894
-1891
-1888
-1886
-1878
-1877
-1877
-1873
-1872
-1872
-1871
-1870
-1868
-1863
-1863
-1863
-1862
-1860
-1860
-1860
-1854
-1850
-1847
-1844
-1841
-1839
-1833
-1832
-1830
-1828
-1828
-1827
-1827
-1827
-1826
-1825
-1824
-1818
-1818
-1817
-1814
-1814
-1813
-1812
-1812
-1810
-1809
-1809
-1808
-1807
-1789
-1786
-1783
-1783
-1782
-1780
-1780
-1779
-1778
-1776
-1774
-1773
-1761
-1756
-1754
-1750
-1749
-1749
-1746
-1745
-1744
-1743
-1743
-1741
-1738
-1738
-1735
-1735
-1733
-1732
-1730
-1728
-1728
-1727
-1720
-1720
-1719
-1708
-1705
-1702
-1700
-1699
-1698
-1697
-1695
-1693
-1693
-1693
-1693
-1692
-1691
-1689
-1687
-1686
-1685
-1685
-1682
-1679
-1677
-1676
-1674
-1666
-1665
-1663
-1660
-1658
-1657
-1657
-1651
-1650
-1649
-1646
-1644
-1643
-1640
-1638
-1638
-1633
-1633
-1632
-1626
-1622
-1622
-1621
-1619
-1619
-1619
-1616
-1616
-1615
-1612
-1609
-1609
-1602
-1599
-1597
-1596
-1595
-1588
-1586
-1584
-1583
-1574
-1574
-1572
-1571
-1570
-1569
-1568
-1568
-1566
-1565
-1561
-1548
-1544
-1544
-1542
-1538
-1538
-1538
-1534
-1530
-1525
-1524
-1524
-1523
-1520
-1520
-1519
-1517
-1515
-1515
-1513
-1509
-1509
-1509
-1508
-1506
-1504
-1501
-1500
-1497
-1497
-1497
-1495
-1494
-1487
-1485
-1483
-1482
-1481
-1480
-1476
-1473
-1472
-1469
-1468
-1468
-1468
-1466
-1464
-1463
-1463
-1456
-1455
-1455
-1454
-1449
-1446
-1444
-1441
-1440
-1439
-1437
-1436
-1435
-1433
-1432
-1429
-1425
-1421
-1418
-1416
-1412
-1412
-1407
-1406
-1405
-1403
-1403
-1401
-1400
-1400
-1398
-1397
-1397
-1396
-1388
-1388
-1388
-1383
-1382
-1382
-1379
-1379
-1377
-1371
-1370
-1370
-1370
-1367
-1366
-1365
-1363
-1362
-1357
-1356
-1352
-1350
-1348
-1341
-1334
-1332
-1331
-1330
-1327
-1324
-1322
-1322
-1321
-1319
-1317
-1317
-1315
-1313
-1313
-1311
-1308
-1302
-1301
-1298
-1297
-1293
-1292
-1291
-1285
-1282
-1282
-1281
-1280
-1279
-1275
-1273
-1272
-1265
-1265
-1265
-1262
-1261
-1255
-1255
-1253
-1252
-1250
-1248
-1245
-1245
-1238
-1238
-1236
-1236
-1235
-1235
-1234
-1233
-1233
-1229
-1226
-1224
-1218
-1217
-1217
-1214
-1213
-1212
-1210
-1209
-1208
-1208
-1206
-1203
-1203
-1203
-1200
-1200
-1198
-1195
-1195
-1192
-1189
-1187
-1186
-1185
-1176
-1176
-1175
-1174
-1166
-1165
-1163
-1158
-1157
-1155
-1154
-1153
-1153
-1153
-1148
-1147
-1146
-1145
-1141
-1140
-1140
-1140
-1131
-1131
-1131
-1129
-1128
-1125
-1124
-1124
-1122
-1122
-1120
-1113
-1112
-1107
-1107
-1104
-1100
-1099
-1099
-1098
-1098
-1097
-1094
-1092
-1089
-1086
-1086
-1084
-1081
-1081
-1080
-1077
-1076
-1076
-1071
-1071
-1068
-1066
-1061
-1061
-1060
-1059
-1057
-1053
-1050
-1048
-1048
-1042
-1039
-1039
-1033
-1032
-1031
-1024
-1022
-1020
-1019
-1017
-1016
-1015
-1015
-1013
-1010
-1008
-1005
-1004
-1002
-1000
-1000
-997
-994
-990
-988
-988
-988
-987
-985
-984
-983
-982
-981
-980
-980
-979
-977
-976
-975
-975
-973
-967
-963
-963
-961
-959
-953
-953
-949
-947
-941
-940
-932
-928
-925
-924
-924
-922
-919
-919
-917
-917
-917
-912
-910
-910
-909
-909
-907
-905
-905
-901
-898
-897
-897
-896
-896
-896
-894
-892
-886
-885
-883
-877
-876
-876
-876
-873
-873
-869
-863
-862
-862
-861
-861
-854
-850
-848
-848
-848
-842
-841
-838
-833
-832
-825
-825
-819
-818
-818
-816
-815
-813
-812
-811
-810
-810
-809
-808
-807
-805
-805
-803
-802
-801
-797
-794
-794
-794
-793
-792
-790
-788
-787
-785
-785
-783
-780
-777
-775
-769
-768
-767
-765
-764
-764
-761
-757
-755
-753
-752
-751
-750
-743
-742
-740
-740
-738
-737
-736
-736
-735
-735
-735
-734
-730
-724
-724
-718
-717
-713
-709
-709
-707
-701
-699
-697
-694
-692
-691
-690
-683
-675
-675
-672
-670
-669
-665
-660
-658
-657
-653
-652
-649
-646
-646
-643
-643
-641
-637
-636
-636
-636
-632
-624
-623
-619
-616
-614
-614
-613
-610
-609
-608
-608
-605
-604
-601
-601
-599
-595
-594
-593
-593
-590
-588
-583
-582
-581
-581
-580
-578
-578
-573
-571
-570
-567
-567
-566
-566
-563
-563
-559
-556
-555
-547
-543
-542
-541
-538
-538
-532
-530
-530
-527
-526
-525
-524
-523
-516
-514
-511
-508
-507
-504
-502
-501
-498
-497
-491
-488
-484
-482
-480
-477
-477
-477
-476
-475
-475
-472
-472
-470
-467
-465
-465
-464
-464
-464
-463
-463
-462
-459
-458
-456
-453
-453
-452
-451
-444
-442
-435
-434
-434
-430
-425
-425
-422
-418
-416
-414
-413
-411
-407
-406
-405
-401
-399
-397
-396
-394
-394
-393
-382
-381
-379
-378
-371
-370
-370
-369
-368
-366
-364
-363
-361
-361
-361
-360
-359
-357
-354
-353
-351
-351
-349
-348
-346
-343
-342
-340
-339
-339
-337
-337
-335
-331
-324
-320
-318
-318
-316
-308
-306
-303
-302
-301
-299
-291
-291
-290
-288
-284
-283
-282
-278
-277
-271
-268
-267
-262
-255
-254
-253
-245
-236
-236
-236
-231
-227
-226
-225
-224
-224
-223
-221
-221
-221
-215
-206
-200
-199
-198
-196
-194
-193
-192
-191
-191
-190
-190
-187
-187
-182
-182
-180
-176
-175
-174
-173
-172
-171
-169
-165
-163
-159
-158
-157
-153
-151
-148
-148
-146
-146
-144
-143
-140
-140
-136
-134
-132
-131
-128
-126
-120
-119
-118
-116
-115
-113
-112
-110
-110
-109
-109
-108
-108
-107
-106
-104
-97
-95
-94
-93
-92
-92
-92
-92
-91
-88
-88
-87
-86
-84
-83
-83
-82
-79
-78
-77
-76
-75
-75
-67
-65
-62
-61
-60
-59
-58
-56
-55
-55
-50
-47
-47
-47
-45
-43
-43
-42
-39
-38
-37
-37
-34
-34
-33
-33
-32
-26
-25
-24
-22
-19
-18
-18
-18
-17
-17
-14
-13
-12
-12
-12
0
3
6
8
12
12
13
14
15
21
21
21
26
27
28
31
33
37
39
40
43
44
45
46
47
49
49
51
53
54
57
57
59
59
65
68
70
72
73
73
77
77
80
82
83
83
86
88
94
96
96
104
108
109
110
110
110
111
113
115
115
117
121
122
122
123
124
127
128
128
130
131
132
132
133
135
135
136
138
143
145
147
151
153
158
160
163
165
168
168
171
173
173
175
175
179
184
185
186
189
191
191
195
195
198
199
199
199
200
201
202
204
207
209
210
210
215
217
218
221
222
223
226
227
227
231
234
238
239
240
242
244
245
246
247
248
249
250
251
252
253
255
258
263
263
263
264
266
268
270
274
278
279
280
280
281
282
282
283
283
285
287
290
291
292
293
294
294
295
297
302
304
304
305
305
308
309
311
311
312
313
314
315
317
317
319
320
327
327
334
345
347
354
354
354
354
356
359
359
361
364
366
369
372
372
373
373
374
376
381
382
384
385
388
393
393
396
397
401
404
412
414
417
418
419
419
420
421
426
426
427
428
429
430
431
432
433
434
436
440
443
443
446
448
449
450
451
452
452
453
453
454
456
460
462
463
463
464
467
469
470
475
479
484
486
487
489
489
491
493
495
498
498
500
501
503
506
508
509
514
519
529
530
535
535
536
536
542
543
545
546
558
563
565
572
574
575
576
582
588
589
590
591
591
592
592
597
597
600
603
604
609
610
611
613
616
618
618
620
621
621
621
623
630
630
633
638
639
641
642
645
646
646
651
653
654
657
658
662
663
664
664
667
668
673
675
675
675
676
679
684
685
689
691
691
693
698
698
699
706
706
707
710
718
719
721
723
727
728
729
730
735
737
738
739
740
742
745
745
746
747
749
751
753
754
754
755
757
759
760
760
763
764
767
769
769
774
777
782
784
785
786
787
790
791
795
795
798
798
801
802
803
803
804
805
808
810
811
811
811
812
815
816
817
817
818
819
820
828
838
838
838
839
840
842
844
848
849
850
851
856
857
857
860
860
862
862
863
863
866
871
872
872
873
874
877
883
883
884
891
894
895
895
897
899
905
905
907
907
909
911
912
912
914
924
925
928
928
929
930
932
933
936
938
941
942
943
944
947
947
948
950
952
961
962
963
964
965
966
968
969
971
973
976
977
982
983
985
993
996
996
996
997
997
999
1001
1004
1004
1005
1007
1008
1009
1013
1014
1019
1019
1022
1023
1024
1025
1039
1042
1049
1050
1053
1054
1054
1055
1056
1057
1059
1063
1070
1071
1072
1075
1080
1082
1082
1082
1084
1084
1086
1087
1089
1089
1091
1091
1092
1096
1098
1103
1103
1105
1106
1108
1112
1114
1116
1116
1120
1120
1121
1123
1124
1125
1126
1128
1131
1132
1133
1133
1138
1139
1141
1142
1142
1143
1145
1150
1151
1151
1153
1154
1158
1159
1161
1161
1162
1163
1169
1169
1170
1170
1171
1173
1173
1173
1176
1176
1178
1180
1183
1183
1185
1189
1191
1191
1192
1199
1201
1202
1204
1204
1208
1208
1211
1213
1214
1215
1216
1218
1219
1219
1220
1223
1225
1225
1227
1228
1230
1231
1233
1236
1236
1237
1237
1237
1238
1238
1245
1246
1253
1262
1264
1271
1272
1275
1276
1279
1279
1282
1283
1284
1285
1286
1293
1295
1295
1297
1301
1303
1304
1306
1310
1316
1318
1321
1323
1326
1328
1330
1331
1332
1332
1334
1335
1336
1338
1338
1341
1346
1349
1350
1354
1356
1358
1360
1360
1362
1365
1365
1369
1371
1376
1376
1382
1382
1385
1386
1391
1394
1397
1398
1408
1410
1414
1416
1417
1418
1418
1421
1421
1423
1423
1424
1425
1426
1428
1431
1432
1434
1435
1436
1437
1437
1441
1444
1444
1445
1446
1447
1447
1447
1451
1453
1457
1460
1461
1462
1466
1471
1471
1473
1474
1479
1483
1483
1488
1491
1492
1492
1496
1498
1499
1500
1503
1505
1509
1510
1514
1514
1514
1515
1517
1517
1518
1519
1519
1524
1526
1527
1529
1534
1536
1536
1536
1536
1537
1539
1540
1543
1549
1549
1549
1550
1553
1554
1556
1557
1558
1559
1560
1563
1564
1566
1567
1568
1572
1573
1576
1577
1577
1580
1580
1583
1584
1585
1586
1587
1587
1589
1591
1592
1592
1593
1593
1598
1599
1600
1605
1609
1615
1615
1619
1619
1619
1622
1624
1628
1632
1636
1637
1640
1640
1645
1649
1654
1654
1655
1655
1656
1657
1662
1662
1665
1668
1669
1670
1671
1671
1672
1673
1673
1676
1679
1679
1687
1687
1687
1688
1689
1691
1693
1694
1695
1696
1696
1699
1703
1709
1719
1721
1722
1728
1735
1736
1742
1742
1743
1744
1748
1754
1755
1756
1765
1766
1769
1777
1779
1779
1780
1782
1788
1791
1794
1794
1798
1799
1799
1802
1804
1804
1807
1811
1813
1815
1820
1822
1831
1835
1838
1838
1839
1849
1853
1853
1853
1854
1856
1856
1857
1858
1860
1867
1872
1876
1878
1880
1881
1882
1884
1886
1893
1897
1898
1899
1900
1905
1905
1909
1910
1912
1914
1916
1917
1917
1918
1918
1921
1930
1934
1935
1936
1940
1941
1941
1942
1942
1944
1950
1954
1957
1957
1965
1969
1972
1972
1973
1973
1975
1979
1979
1980
1980
1983
1984
1984
1985
1986
1986
1989
1991
1992
1992
1993
1998
1998
2001
2002
2002
2004
2010
2011
2012
2014
2016
2020
2020
2024
2024
2024
2026
2029
2033
2034
2035
2035
2040
2043
2047
2047
2048
2049
2054
2054
2055
2056
2057
2062
2063
2065
2066
2067
2068
2068
2076
2077
2077
2079
2081
2083
2085
2087
2088
2088
2090
2092
2094
2096
2101
2101
2102
2103
2103
2106
2111
2114
2115
2117
2123
2124
2125
2127
2128
2130
2132
2132
2133
2135
2139
2145
2145
2147
2147
2152
2153
2158
2159
2165
2166
2172
2173
2174
2175
2181
2182
2183
2183
2186
2190
2193
2195
2196
2198
2199
2200
2200
2202
2202
2203
2203
2205
2205
2209
2215
2217
2219
2224
2228
2228
2230
2238
2239
2240
2241
2242
2248
2250
2251
2252
2253
2254
2261
2263
2264
2265
2266
2267
2270
2271
2274
2274
2278
2280
2281
2283
2288
2288
2290
2291
2293
2296
2296
2305
2306
2308
2309
2310
2317
2320
2321
2323
2324
2324
2325
2326
2328
2328
2331
2332
2332
2335
2336
2346
2349
2351
2353
2355
2355
2358
2358
2361
2362
2362
2365
2365
2365
2366
2367
2370
2372
2372
2373
2373
2373
2378
2379
2387
2388
2390
2391
2392
2394
2397
2398
2398
2399
2401
2402
2404
2411
2415
2416
2418
2419
2422
2423
2425
2425
2426
2427
2428
2429
2429
2429
2430
2431
2431
2432
2432
2432
2433
2433
2436
2436
2439
2440
2447
2448
2452
2454
2455
2457
2459
2461
2463
2464
2465
2466
2468
2470
2470
2472
2473
2476
2476
2484
2486
2492
2493
2494
2498
2498
2498
2500
2502
2506
2509
2512
2512
2514
2516
2518
2519
2521
2527
2528
2529
2531
2533
2534
2537
2537
2538
2553
2555
2556
2560
2562
2563
2565
2566
2567
2567
2568
2568
2569
2571
2572
2572
2573
2575
2576
2580
2580
2581
2583
2583
2586
2588
2589
2594
2597
2598
2602
2602
2606
2608
2612
2613
2618
2621
2622
2627
2631
2634
2635
2639
2644
2646
2647
2648
2655
2656
2662
2662
2664
2664
2665
2665
2666
2670
2672
2672
2673
2674
2674
2675
2676
2676
2678
2680
2681
2682
2683
2684
2685
2687
2687
2693
2696
2696
2699
2699
2700
2704
2704
2704
2706
2710
2712
2715
2719
2722
2722
2726
2727
2727
2728
2729
2732
2735
2735
2738
2741
2743
2743
2744
2751
2753
2754
2754
2755
2759
2768
2777
2783
2783
2784
2786
2786
2788
2791
2792
2794
2796
2797
2798
2798
2802
2804
2806
2807
2811
2812
2815
2815
2819
2821
2825
2825
2826
2826
2826
2833
2833
2839
2839
2840
2843
2847
2848
2849
2853
2856
2859
2860
2863
2873
2879
2881
2883
2885
2886
2888
2891
2892
2893
2897
2900
2902
2903
2906
2906
2906
2907
2909
2911
2912
2913
2913
2914
2916
2917
2917
2918
2918
2923
2925
2932
2938
2938
2939
2939
2941
2941
2950
2951
2958
2959
2959
2960
2962
2962
2962
2963
2964
2964
2965
2966
2966
2972
2974
2977
2981
2982
2982
2982
2983
2984
2986
2987
2988
2990
2998
2998
3003
3004
3010
3012
3014
3015
3018
3018
3020
3020
3021
3021
3023
3030
3031
3034
3034
3034
3038
3039
3039
3043
3043
3045
3046
3049
3055
3059
3063
3063
3067
3070
3071
3071
3071
3075
3075
3079
3079
3080
3081
3082
3087
3087
3087
3090
3091
3092
3093
3110
3110
3112
3112
3115
3116
3117
3119
3119
3120
3122
3124
3125
3125
3128
3129
3129
3130
3131
3132
3132
3133
3133
3133
3134
3134
3135
3136
3138
3140
3141
3142
3145
3152
3154
3155
3156
3157
3157
3157
3158
3158
3159
3159
3161
3164
3165
3171
3177
3182
3186
3187
3187
3188
3190
3190
3192
3195
3196
3200
3201
3201
3202
3204
3206
3207
3208
3209
3212
3216
3216
3217
3219
3220
3221
3225
3232
3234
3234
3237
3239
3240
3241
3242
3244
3245
3248
3249
3250
3251
3251
3254
3255
3261
3264
3266
3267
3274
3274
3283
3285
3285
3290
3291
3292
3296
3300
3302
3304
3304
3306
3310
3316
3319
3322
3324
3325
3325
3325
3326
3332
3336
3338
3341
3342
3344
3345
3356
3358
3358
3358
3364
3369
3369
3370
3372
3372
3374
3374
3380
3383
3384
3384
3384
3385
3386
3388
3392
3392
3394
3394
3396
3397
3397
3402
3404
3404
3406
3408
3412
3412
3413
3413
3422
3422
3423
3425
3428
3428
3430
3437
3441
3443
3443
3448
3450
3450
3451
3458
3459
3463
3465
3473
3473
3475
3476
3476
3481
3481
3483
3483
3483
3484
3488
3489
3490
3494
3495
3496
3496
3497
3498
3499
3500
3500
3502
3503
3503
3506
3508
3508
3508
3508
3509
3512
3517
3517
3523
3524
3525
3531
3531
3532
3533
3534
3535
3536
3537
3539
3539
3543
3545
3546
3548
3549
3549
3549
3551
3553
3554
3554
3556
3558
3559
3559
3566
3567
3571
3573
3575
3576
3577
3577
3578
3580
3586
3590
3593
3593
3594
3595
3598
3600
3601
3601
3601
3602
3604
3605
3606
3612
3612
3617
3618
3625
3627
3628
3629
3630
3631
3637
3640
3645
3646
3647
3647
3648
3649
3650
3651
3655
3655
3655
3656
3656
3656
3656
3657
3658
3663
3664
3665
3665
3665
3669
3670
3673
3673
3674
3675
3678
3678
3680
3682
3683
3685
3686
3687
3689
3690
3691
3692
3693
3695
3695
3699
3699
3702
3708
3709
3709
3710
3710
3710
3711
3717
3719
3721
3724
3727
3730
3732
3734
3734
3735
3736
3737
3739
3742
3742
3743
3743
3745
3745
3745
3748
3751
3752
3754
3757
3761
3769
3771
3772
3772
3772
3774
3776
3776
3777
3778
3783
3789
3791
3801
3802
3802
3804
3805
3806
3807
3808
3810
3811
3814
3815
3816
3820
3820
3820
3821
3821
3823
3825
3826
3827
3831
3838
3838
3840
3843
3845
3846
3847
3848
3849
3849
3854
3856
3856
3861
3863
3869
3870
3870
3873
3873
3874
3875
3881
3882
3882
3888
3890
3891
3892
3893
3897
3898
3898
3904
3908
3911
3911
3913
3914
3916
3919
3921
3922
3923
3926
3926
3930
3931
3935
3936
3937
3938
3939
3943
3943
3945
3947
3947
3949
3951
3953
3954
3954
3955
3957
3957
3960
3960
3964
3966
3968
3970
3971
3971
3972
3972
3973
3976
3981
3983
3983
3985
3986
3986
3987
3988
3990
3991
3991
3994
3995
3995
3996
3997
3998
3998
4002
4002
4010
4010
4011
4013
4015
4017
4019
4020
4020
4023
4024
4026
4026
4029
4029
4030
4030
4032
4033
4033
4035
4037
4038
4039
4039
4041
4043
4046
4048
4048
4049
4049
4050
4052
4054
4056
4056
4057
4057
4058
4060
4061
4063
4063
4064
4065
4066
4067
4068
4071
4072
4072
4072
4072
4074
4076
4078
4079
4079
4080
4081
4083
4083
4087
4088
4091
4092
4093
4099
4105
4109
4110
4110
4111
4113
4115
4115
4119
4120
4125
4126
4127
4129
4132
4135
4137
4139
4139
4140
4140
4140
4143
4147
4147
4149
4150
4151
4152
4153
4156
4157
4157
4158
4159
4163
4163
4163
4174
4176
4177
4177
4180
4181
4183
4184
4187
4188
4189
4192
4196
4199
4199
4201
4201
4202
4204
4206
4207
4208
4208
4210
4215
4217
4218
4218
4221
4221
4222
4223
4227
4227
4236
4237
4238
4241
4248
4249
4250
4258
4259
4264
4265
4267
4268
4272
4273
4275
4276
4277
4283
4286
4287
4287
4288
4291
4294
4294
4295
4296
4308
4309
4311
4312
4313
4313
4316
4316
4319
4321
4321
4322
4322
4327
4328
4329
4330
4332
4332
4335
4338
4339
4340
4341
4342
4342
4344
4344
4345
4345
4347
4347
4348
4348
4348
4353
4355
4357
4359
4359
4365
4371
4371
4371
4373
4375
4377
4377
4378
4380
4381
4381
4388
4390
4396
4396
4396
4397
4398
4401
4401
4407
4409
4411
4414
4414
4421
4424
4426
4428
4429
4434
4435
4437
4438
4438
4440
4442
4444
4449
4451
4452
4456
4456
4456
4460
4461
4461
4461
4465
4467
4470
4475
4476
4481
4483
4485
4490
4492
4493
4500
4501
4501
4509
4510
4511
4514
4514
4516
4522
4522
4522
4523
4524
4525
4525
4532
4533
4533
4533
4535
4541
4541
4542
4543
4545
4548
4549
4550
4557
4557
4561
4563
4564
4567
4568
4569
4572
4575
4576
4576
4579
4579
4581
4582
4583
4584
4586
4588
4589
4591
4593
4594
4596
4602
4603
4603
4604
4605
4613
4613
4614
4615
4615
4618
4618
4618
4622
4623
4630
4635
4637
4638
4639
4645
4646
4650
4651
4653
4655
4658
4658
4658
4664
4665
4669
4673
4678
4678
4678
4680
4681
4683
4683
4685
4687
4688
4692
4697
4699
4699
4700
4704
4708
4711
4717
4719
4719
4727
4728
4730
4732
4733
4736
4741
4746
4748
4749
4749
4754
4757
4758
4759
4759
4761
4762
4764
4766
4766
4767
4768
4768
4770
4773
4773
4777
4777
4778
4782
4782
4783
4787
4792
4797
4800
4802
4803
4807
4808
4808
4809
4810
4815
4819
4821
4823
4830
4831
4834
4842
4844
4853
4853
4854
4857
4859
4861
4863
4865
4869
4871
4871
4875
4877
4878
4880
4885
4887
4887
4887
4888
4889
4890
4891
4893
4899
4900
4901
4902
4903
4904
4905
4905
4909
4910
4911
4912
4913
4914
4916
4917
4925
4925
4928
4928
4929
4931
4931
4932
4933
4934
4936
4939
4940
4944
4945
4946
4946
4947
4949
4953
4953
4966
4970
4970
4976
4979
4980
4982
4984
4985
4998
4998
4999
4999
5000
5004
5005
5007
5013
5014
5014
5016
5018
5018
5023
5023
5025
5027
5027
5028
5031
5035
5036
5037
5039
5041
5043
5045
5047
5050
5050
5051
5053
5053
5055
5063
5065
5065
5066
5068
5068
5068
5069
5072
5073
5074
5077
5078
5085
5086
5086
5089
5093
5094
5094
5095
5097
5102
5103
5104
5104
5105
5106
5109
5111
5111
5112
5113
5114
5115
5116
5120
5120
5121
5122
5124
5124
5127
5128
5129
5132
5133
5136
5136
5136
5138
5138
5141
5142
5143
5144
5146
5153
5157
5157
5159
5159
5164
5164
5164
5165
5165
5167
5168
5171
5178
5183
5183
5185
5185
5188
5190
5191
5198
5198
5199
5205
5205
5206
5206
5209
5211
5216
5217
5221
5225
5225
5226
5232
5234
5234
5235
5235
5236
5239
5239
5240
5240
5240
5241
5241
5245
5248
5249
5249
5253
5254
5255
5255
5259
5264
5266
5266
5275
5276
5280
5287
5288
5290
5294
5297
5297
5298
5300
5300
5311
5311
5313
5316
5317
5320
5321
5322
5324
5327
5328
5331
5332
5338
5346
5347
5349
5350
5350
5351
5357
5358
5358
5361
5364
5364
5365
5366
5370
5371
5374
5375
5376
5382
5384
5385
5386
5386
5387
5388
5389
5392
5394
5395
5395
5395
5396
5398
5399
5404
5404
5404
5406
5408
5413
5417
5418
5419
5421
5423
5426
5426
5428
5431
5432
5437
5437
5438
5441
5441
5441
5448
5448
5448
5452
5456
5457
5457
5458
5460
5461
5468
5468
5471
5471
5473
5474
5480
5480
5481
5483
5485
5487
5488
5488
5488
5488
5489
5490
5493
5495
5500
5500
5500
5502
5503
5504
5504
5506
5507
5508
5508
5510
5516
5519
5520
5522
5524
5524
5524
5527
5528
5529
5532
5537
5542
5543
5545
5550
5550
5551
5555
5559
5559
5564
5566
5566
5569
5574
5574
5574
5574
5578
5581
5583
5584
5584
5586
5586
5587
5588
5588
5589
5590
5593
5595
5595
5596
5600
5600
5603
5603
5604
5606
5608
5608
5611
5613
5614
5617
5617
5618
5620
5620
5620
5621
5621
5622
5623
5625
5630
5631
5631
5633
5637
5639
5643
5646
5649
5650
5651
5653
5654
5655
5665
5668
5672
5675
5675
5676
5676
5676
5678
5678
5681
5683
5685
5690
5694
5694
5695
5696
5697
5704
5711
5714
5717
5718
5722
5724
5727
5727
5728
5729
5732
5736
5736
5736
5738
5738
5739
5739
5741
5742
5745
5749
5749
5750
5754
5756
5757
5759
5762
5764
5765
5769
5769
5778
5779
5781
5784
5789
5791
5793
5794
5796
5798
5798
5800
5804
5804
5806
5806
5806
5807
5809
5810
5811
5814
5817
5817
5818
5822
5826
5830
5837
5846
5848
5850
5851
5853
5856
5856
5861
5862
5862
5865
5870
5872
5874
5877
5881
5881
5881
5881
5882
5883
5884
5888
5889
5893
5894
5897
5899
5900
5902
5903
5904
5905
5908
5911
5912
5913
5915
5916
5917
5918
5918
5922
5923
5923
5923
5924
5925
5929
5929
5930
5936
5939
5939
5943
5943
5947
5947
5948
5953
5953
5958
5961
5964
5964
5965
5966
5967
5967
5974
5975
5975
5978
5980
5980
5983
5990
5990
5991
5992
5993
5997
6001
6002
6003
6007
6009
6011
6013
6015
6018
6020
6030
6030
6033
6034
6038
6039
6040
6041
6043
6045
6049
6049
6051
6051
6052
6052
6056
6057
6058
6064
6064
6065
6071
6074
6081
6083
6083
6085
6087
6087
6088
6088
6093
6098
6099
6100
6100
6104
6105
6107
6107
6107
6114
6117
6122
6122
6126
6126
6129
6133
6134
6135
6135
6135
6136
6143
6147
6150
6151
6155
6156
6157
6159
6172
6172
6173
6174
6175
6177
6180
6182
6183
6186
6188
6194
6194
6196
6199
6199
6200
6201
6205
6205
6206
6207
6208
6210
6213
6215
6217
6220
6225
6226
6226
6227
6230
6232
6235
6236
6241
6245
6246
6247
6248
6248
6251
6254
6257
6258
6262
6264
6264
6266
6270
6271
6277
6277
6278
6279
6286
6286
6286
6286
6288
6290
6297
6300
6301
6301
6306
6324
6324
6324
6327
6330
6330
6331
6331
6333
6333
6337
6338
6339
6340
6344
6344
6344
6346
6346
6348
6348
6349
6352
6352
6352
6354
6356
6356
6357
6359
6359
6360
6361
6365
6366
6366
6367
6368
6369
6371
6371
6372
6378
6379
6379
6381
6384
6385
6390
6392
6393
6393
6394
6395
6396
6396
6399
6399
6400
6400
6403
6404
6405
6410
6412
6412
6413
6413
6413
6422
6422
6424
6424
6426
6427
6432
6434
6436
6437
6438
6442
6443
6444
6445
6445
6448
6452
6453
6455
6457
6461
6464
6465
6466
6468
6468
6476
6477
6481
6483
6483
6486
6488
6490
6493
6500
6502
6503
6505
6509
6513
6514
6515
6516
6517
6519
6521
6526
6526
6526
6527
6532
6538
6546
6548
6550
6550
6551
6551
6556
6558
6560
6562
6565
6567
6569
6570
6571
6577
6578
6581
6581
6581
6582
6582
6582
6586
6587
6589
6589
6590
6591
6594
6595
6597
6598
6598
6604
6604
6612
6613
6615
6616
6618
6619
6626
6628
6629
6633
6634
6634
6634
6635
6641
6644
6647
6648
6650
6653
6656
6662
6663
6665
6667
6676
6680
6682
6685
6686
6688
6688
6695
6697
6698
6700
6700
6703
6704
6705
6705
6712
6714
6715
6717
6720
6721
6722
6723
6724
6725
6726
6728
6729
6729
6732
6732
6734
6736
6736
6737
6740
6743
6745
6748
6752
6752
6756
6757
6761
6762
6765
6767
6767
6773
6775
6776
6779
6781
6784
6784
6787
6788
6790
6793
6794
6795
6796
6797
6802
6804
6805
6805
6809
6809
6810
6811
6813
6814
6815
6815
6816
6821
6834
6836
6837
6839
6844
6845
6847
6849
6851
6853
6854
6856
6862
6863
6864
6867
6868
6869
6874
6876
6878
6878
6879
6883
6887
6888
6889
6889
6890
6890
6890
6891
6897
6901
6901
6902
6903
6906
6908
6908
6913
6916
6917
6920
6927
6928
6937
6938
6939
6940
6942
6949
6949
6950
6954
6955
6959
6961
6962
6963
6965
6966
6966
6969
6969
6971
6975
6976
6978
6979
6981
6984
6985
6990
6993
6994
6995
6996
6998
6998
7001
7005
7009
7013
7015
7018
7021
7022
7024
7024
7028
7028
7031
7039
7039
7039
7039
7046
7046
7049
7053
7055
7055
7056
7061
7061
7061
7062
7064
7064
7065
7068
7069
7071
7072
7073
7074
7076
7078
7079
7082
7083
7084
7089
7089
7092
7094
7094
7101
7105
7109
7114
7114
7114
7115
7115
7117
7124
7124
7125
7126
7129
7132
7137
7138
7140
7142
7146
7150
7152
7153
7154
7156
7162
7163
7169
7170
7173
7177
7179
7179
7181
7181
7182
7182
7183
7184
7189
7190
7194
7198
7198
7200
7201
7206
7209
7210
7211
7216
7217
7217
7219
7220
7221
7228
7228
7230
7231
7232
7245
7246
7247
7248
7251
7252
7256
7262
7262
7265
7267
7270
7270
7271
7272
7272
7272
7273
7278
7287
7288
7292
7292
7293
7299
7299
7302
7306
7308
7309
7313
7313
7313
7314
7320
7321
7325
7327
7327
7329
7335
7338
7343
7345
7346
7347
7349
7353
7354
7358
7361
7362
7363
7365
7368
7369
7370
7370
7371
7371
7375
7375
7376
7377
7379
7381
7385
7387
7387
7387
7389
7398
7401
7404
7405
7406
7406
7407
7407
7409
7411
7411
7415
7416
7417
7419
7420
7425
7426
7428
7429
7429
7431
7434
7436
7437
7437
7437
7448
7450
7453
7455
7461
7465
7469
7469
7470
7474
7480
7487
7490
7490
7490
7492
7492
7493
7493
7495
7499
7500
7501
7502
7506
7508
7509
7509
7512
7513
7516
7518
7520
7520
7522
7523
7525
7525
7526
7528
7529
7530
7530
7531
7534
7534
7536
7538
7540
7541
7542
7544
7546
7547
7548
7555
7555
7559
7562
7563
7563
7564
7566
7566
7569
7569
7571
7572
7572
7574
7575
7576
7578
7579
7580
7583
7586
7589
7589
7590
7594
7597
7600
7603
7604
7607
7607
7607
7609
7610
7611
7611
7616
7621
7621
7621
7622
7623
7625
7625
7626
7627
7627
7629
7631
7632
7633
7634
7637
7637
7641
7642
7643
7646
7646
7648
7650
7653
7657
7662
7667
7671
7672
7676
7678
7679
7681
7683
7683
7686
7686
7686
7687
7688
7689
7691
7691
7693
7695
7697
7700
7701
7702
7703
7704
7712
7715
7715
7716
7716
7732
7733
7735
7736
7737
7737
7741
7747
7747
7755
7756
7758
7758
7758
7760
7761
7765
7765
7766
7766
7768
7772
7772
7772
7775
7776
7781
7784
7786
7793
7794
7795
7795
7802
7804
7805
7807
7808
7809
7810
7813
7815
7816
7816
7819
7820
7820
7820
7820
7821
7824
7824
7826
7827
7831
7832
7835
7836
7837
7838
7839
7843
7844
7847
7848
7848
7850
7851
7851
7854
7856
7862
7862
7862
7863
7874
7874
7877
7879
7884
7884
7887
7890
7892
7892
7893
7893
7895
7896
7902
7903
7903
7906
7910
7912
7915
7917
7918
7921
7923
7923
7925
7928
7930
7931
7932
7939
7941
7943
7944
7945
7948
7951
7952
7953
7956
7956
7958
7959
7960
7962
7962
7963
7964
7964
7967
7969
7972
7972
7972
7973
7973
7976
7979
7989
7989
7991
7994
7997
8011
8011
8012
8013
8014
8015
8015
8015
8016
8018
8019
8023
8029
8030
8030
8035
8036
8037
8040
8042
8044
8046
8046
8048
8052
8053
8054
8055
8055
8058
8059
8060
8061
8062
8064
8064
8075
8075
8080
8082
8082
8085
8086
8087
8087
8088
8089
8089
8089
8099
8106
8110
8110
8111
8113
8117
8117
8122
8124
8128
8128
8133
8136
8139
8141
8142
8143
8145
8150
8162
8163
8164
8165
8166
8167
8170
8173
8173
8180
8182
8184
8185
8188
8189
8189
8189
8190
8191
8193
8194
8196
8196
8200
8203
8206
8208
8210
8210
8210
8217
8221
8222
8224
8227
8227
8229
8230
8232
8233
8240
8241
8243
8243
8248
8251
8254
8257
8259
8260
8260
8265
8265
8269
8269
8272
8272
8275
8277
8278
8279
8281
8287
8287
8291
8291
8295
8295
8296
8298
8311
8311
8313
8315
8317
8318
8318
8319
8323
8324
8324
8325
8326
8328
8329
8331
8335
8336
8337
8338
8339
8339
8343
8343
8344
8345
8345
8345
8346
8347
8348
8350
8351
8352
8353
8357
8357
8358
8361
8361
8361
8361
8366
8371
8375
8375
8377
8379
8388
8391
8394
8395
8396
8397
8397
8406
8408
8409
8415
8419
8419
8420
8422
8423
8425
8425
8426
8430
8432
8432
8434
8436
8437
8437
8439
8440
8441
8446
8446
8447
8447
8448
8449
8451
8454
8458
8460
8460
8460
8461
8464
8466
8472
8472
8473
8475
8476
8476
8477
8477
8477
8478
8479
8480
8484
8484
8487
8489
8493
8493
8502
8506
8509
8509
8509
8514
8517
8519
8522
8523
8523
8524
8525
8526
8528
8528
8530
8534
8536
8536
8537
8538
8538
8539
8539
8554
8556
8558
8559
8565
8566
8567
8572
8573
8575
8576
8578
8584
8585
8587
8590
8590
8591
8593
8600
8603
8603
8603
8603
8603
8604
8605
8614
8618
8622
8622
8623
8623
8624
8626
8626
8628
8630
8631
8632
8634
8634
8635
8639
8640
8644
8644
8645
8649
8657
8662
8663
8663
8663
8665
8666
8666
8667
8668
8669
8672
8674
8675
8677
8677
8679
8684
8687
8687
8688
8688
8689
8691
8691
8693
8694
8699
8700
8701
8701
8703
8703
8705
8710
8717
8722
8724
8724
8728
8734
8736
8737
8739
8739
8741
8741
8746
8751
8751
8751
8752
8754
8756
8761
8761
8763
8770
8773
8774
8774
8778
8780
8781
8781
8782
8788
8789
8793
8794
8795
8804
8805
8807
8809
8811
8813
8814
8820
8822
8824
8829
8830
8838
8838
8838
8841
8842
8844
8844
8845
8845
8849
8850
8850
8851
8855
8858
8860
8860
8860
8870
8871
8872
8874
8874
8876
8882
8883
8886
8888
8892
8894
8895
8896
8897
8903
8903
8906
8907
8909
8911
8916
8917
8918
8926
8931
8934
8934
8934
8938
8938
8939
8940
8941
8947
8947
8951
8966
8970
8973
8979
8980
8982
8985
8986
8987
8990
8992
8995
8998
9009
9010
9010
9012
9013
9015
9019
9020
9021
9024
9025
9025
9028
9030
9030
9031
9032
9034
9037
9038
9039
9042
9045
9045
9048
9049
9050
9050
9051
9054
9056
9058
9059
9060
9061
9061
9067
9068
9071
9071
9072
9078
9078
9081
9083
9083
9084
9085
9085
9086
9087
9087
9087
9088
9091
9091
9092
9094
9100
9103
9103
9105
9106
9106
9112
9116
9117
9120
9122
9124
9125
9126
9126
9127
9130
9130
9131
9135
9138
9138
9140
9143
9154
9155
9162
9163
9166
9167
9171
9171
9172
9176
9176
9176
9179
9180
9181
9186
9187
9191
9191
9193
9195
9196
9199
9204
9205
9210
9212
9213
9216
9216
9217
9217
9220
9221
9228
9231
9233
9239
9241
9241
9247
9247
9248
9249
9249
9249
9253
9253
9255
9257
9257
9258
9258
9259
9261
9262
9264
9265
9268
9269
9271
9275
9276
9277
9278
9278
9278
9279
9279
9281
9283
9285
9286
9288
9290
9291
9294
9301
9306
9306
9310
9310
9310
9311
9314
9319
9320
9320
9321
9323
9324
9324
9324
9326
9328
9330
9333
9333
9334
9335
9337
9341
9347
9348
9350
9352
9354
9354
9355
9357
9368
9370
9370
9372
9372
9372
9378
9378
9381
9383
9383
9383
9385
9388
9390
9391
9393
9395
9396
9398
9402
9404
9413
9413
9427
9428
9429
9430
9431
9431
9434
9435
9436
9439
9443
9449
9451
9453
9456
9458
9459
9460
9461
9471
9471
9471
9475
9479
9480
9480
9483
9486
9486
9491
9492
9494
9497
9499
9511
9517
9519
9519
9520
9522
9525
9526
9528
9529
9535
9538
9539
9539
9542
9542
9544
9549
9550
9553
9554
9556
9556
9558
9560
9561
9564
9567
9568
9569
9571
9574
9574
9574
9582
9586
9586
9587
9588
9588
9588
9592
9600
9607
9608
9612
9612
9615
9618
9624
9628
9628
9628
9628
9630
9632
9634
9635
9636
9637
9639
9641
9645
9647
9648
9656
9657
9658
9661
9661
9665
9672
9674
9675
9677
9679
9680
9680
9685
9693
9694
9695
9697
9699
9707
9708
9709
9710
9714
9718
9718
9722
9722
9725
9727
9728
9730
9730
9731
9735
9737
9738
9739
9740
9740
9743
9743
9744
9747
9748
9749
9749
9751
9756
9759
9760
9761
9766
9766
9768
9769
9769
9771
9777
9778
9781
9781
9782
9782
9782
9783
9784
9788
9789
9791
9792
9792
9794
9795
9797
9799
9800
9800
9802
9802
9803
9804
9805
9805
9806
9806
9807
9808
9808
9810
9813
9819
9823
9825
9827
9829
9829
9839
9840
9842
9845
9846
9846
9847
9848
9848
9849
9851
9851
9852
9856
9857
9858
9858
9861
9862
9870
9874
9875
9879
9879
9880
9880
9881
9881
9883
9884
9887
9887
9887
9888
9888
9889
9890
9892
9895
9895
9897
9898
9899
9900
9902
9902
9904
9908
9909
9911
9913
9915
9915
9917
9917
9924
9925
9926
9926
9926
9927
9927
9927
9930
9931
9938
9944
9946
9946
9949
9950
9951
9952
9955
9961
9962
9964
9966
9967
9967
9968
9972
9975
9977
9979
9980
9982
9983
9984
9988
9988
9990
9990
9992
9994
9996
9998
9999
10000
10001
10008
10011
10014
10018
10021
10021
10023
10025
10028
10028
10028
10029
10030
10030
10035
10036
10047
10049
10050
10057
10061
10062
10066
10067
10068
10072
10078
10078
10079
10079
10079
10081
10083
10084
10085
10089
10089
10091
10092
10092
10092
10094
10095
10095
10097
10101
10103
10104
10106
10107
10107
10108
10108
10109
10109
10111
10112
10112
10113
10115
10115
10118
10119
10120
10120
10120
10121
10128
10129
10129
10130
10133
10134
10141
10148
10150
10152
10154
10163
10164
10165
10169
10169
10174
10174
10176
10177
10177
10178
10181
10183
10183
10186
10190
10190
10192
10192
10196
10198
10203
10207
10208
10213
10214
10215
10221
10225
10229
10232
10235
10236
10236
10237
10237
10239
10239
10240
10242
10243
10245
10247
10247
10251
10253
10253
10255
10261
10265
10274
10274
10275
10276
10277
10277
10277
10279
10279
10282
10282
10285
10291
10294
10294
10297
10302
10307
10309
10316
10319
10328
10329
10333
10337
10340
10343
10345
10345
10349
10351
10356
10356
10356
10358
10361
10369
10372
10373
10380
10389
10391
10392
10393
10396
10397
10400
10402
10402
10402
10407
10407
10409
10409
10416
10418
10420
10420
10421
10422
10423
10428
10429
10430
10432
10433
10434
10435
10435
10436
10437
10438
10444
10448
10448
10451
10454
10460
10461
10461
10461
10462
10462
10463
10466
10469
10469
10477
10480
10482
10489
10492
10496
10498
10498
10502
10502
10503
10503
10504
10505
10506
10506
10507
10508
10510
10511
10512
10512
10512
10514
10517
10523
10523
10524
10529
10530
10530
10531
10534
10534
10536
10539
10541
10542
10542
10545
10546
10546
10548
10550
10552
10553
10553
10555
10558
10560
10561
10561
10563
10565
10566
10570
10572
10575
10577
10577
10583
10587
10587
10587
10587
10589
10591
10591
10595
10595
10596
10602
10602
10607
10607
10610
10610
10616
10619
10620
10624
10627
10632
10633
10633
10638
10639
10642
10644
10645
10645
10645
10646
10651
10652
10656
10659
10660
10664
10669
10672
10675
10684
10684
10684
10685
10688
10689
10690
10691
10693
10693
10697
10697
10698
10701
10705
10705
10708
10708
10709
10712
10715
10715
10716
10723
10731
10732
10732
10733
10735
10735
10736
10742
10744
10745
10747
10747
10748
10750
10751
10751
10754
10756
10761
10762
10764
10764
10766
10766
10767
10767
10768
10769
10774
10778
10779
10783
10783
10784
10785
10786
10788
10788
10794
10796
10797
10800
10801
10801
10805
10806
10809
10812
10815
10816
10818
10823
10823
10824
10824
10824
10824
10824
10825
10827
10832
10835
10835
10837
10837
10838
10843
10851
10853
10857
10861
10862
10864
10866
10867
10872
10874
10874
10884
10884
10888
10890
10890
10891
10896
10898
10899
10899
10903
10907
10907
10909
10911
10912
10913
10913
10914
10919
10920
10922
10923
10925
10940
10941
10942
10948
10957
10958
10966
10968
10968
10968
10974
10977
10979
10979
10982
10983
10986
10987
10988
10993
10994
10997
11005
11005
11007
11008
11008
11009
11012
11021
11023
11023
11024
11024
11027
11035
11043
11044
11045
11048
11049
11052
11059
11060
11061
11065
11072
11074
11077
11080
11081
11082
11083
11084
11090
11091
11091
11091
11093
11096
11096
11098
11099
11100
11102
11105
11107
11107
11109
11121
11124
11124
11128
11131
11133
11137
11138
11142
11143
11150
11153
11155
11157
11160
11163
11170
11172
11174
11176
11180
11183
11184
11186
11188
11191
11192
11193
11194
11194
11194
11196
11198
11198
11203
11208
11208
11211
11215
11215
11216
11221
11222
11223
11229
11231
11235
11239
11240
11241
11243
11248
11251
11256
11258
11258
11260
11261
11264
11265
11270
11274
11276
11278
11279
11281
11282
11287
11291
11297
11297
11299
11301
11302
11307
11307
11308
11311
11314
11316
11316
11316
11319
11319
11323
11327
11327
11333
11334
11340
11341
11341
11342
11344
11350
11358
11358
11358
11365
11365
11366
11369
11373
11373
11376
11378
11378
11381
11384
11384
11385
11392
11393
11395
11395
11403
11404
11405
11408
11408
11412
11415
11415
11426
11430
11430
11430
11432
11435
11441
11443
11444
11444
11450
11454
11456
11458
11459
11460
11462
11464
11467
11467
11468
11469
11471
11472
11473
11473
11475
11477
11479
11480
11480
11481
11482
11483
11484
11486
11490
11490
11491
11493
11494
11495
11502
11513
11516
11517
11518
11519
11522
11522
11523
11523
11524
11529
11532
11532
11533
11536
11540
11540
11541
11544
11548
11553
11554
11556
11556
11557
11559
11559
11560
11561
11561
11561
11563
11565
11565
11566
11566
11568
11568
11569
11581
11582
11585
11585
11586
11589
11590
11591
11601
11601
11603
11605
11607
11611
11611
11614
11616
11619
11621
11623
11627
11629
11633
11639
11639
11639
11639
11640
11641
11646
11648
11653
11656
11656
11659
11659
11664
11664
11665
11673
11677
11677
11678
11679
11680
11684
11686
11689
11690
11691
11692
11694
11698
11700
11700
11703
11703
11703
11705
11711
11716
11719
11728
11734
11735
11735
11738
11741
11744
11746
11747
11752
11756
11757
11757
11767
11771
11772
11774
11776
11777
11777
11778
11779
11779
11780
11780
11781
11783
11784
11784
11786
11789
11796
11796
11798
11800
11802
11804
11805
11805
11806
11810
11811
11812
11816
11817
11819
11819
11820
11826
11827
11831
11832
11834
11834
11835
11836
11836
11839
11841
11842
11848
11849
11849
11853
11855
11859
11860
11865
11865
11866
11866
11867
11870
11870
11872
11872
11876
11879
11879
11880
11883
11887
11889
11889
11890
11891
11891
11893
11898
11898
11898
11899
11899
11904
11905
11913
11915
11918
11918
11920
11920
11923
11925
11925
11925
11927
11932
11933
11936
11938
11939
11943
11947
11948
11950
11950
11951
11951
11952
11960
11960
11962
11963
11963
11965
11968
11968
11969
11969
11969
11970
11973
11973
11974
11983
11991
11996
11998
12001
12003
12003
12005
12008
12009
12009
12011
12013
12015
12015
12017
12021
12021
12022
12027
12031
12035
12041
12042
12049
12049
12050
12050
12052
12054
12055
12056
12057
12057
12063
12063
12066
12068
12069
12070
12072
12073
12073
12075
12076
12077
12079
12079
12081
12082
12082
12083
12084
12085
12085
12096
12096
12096
12098
12104
12104
12105
12106
12116
12116
12116
12117
12120
12125
12126
12136
12138
12139
12140
12141
12142
12145
12145
12146
12146
12147
12148
12153
12154
12156
12163
12166
12169
12170
12171
12172
12183
12183
12183
12183
12186
12190
12190
12193
12195
12196
12199
12200
12201
12202
12205
12211
12214
12221
12222
12222
12223
12223
12226
12226
12228
12229
12230
12232
12234
12236
12238
12239
12245
12250
12250
12252
12256
12259
12261
12261
12262
12262
12264
12265
12267
12271
12273
12274
12277
12280
12281
12283
12286
12288
12289
12291
12293
12293
12293
12302
12302
12304
12305
12305
12308
12308
12309
12317
12321
12322
12326
12326
12326
12327
12329
12331
12331
12332
12334
12335
12335
12343
12344
12344
12346
12347
12347
12347
12349
12352
12354
12356
12356
12357
12358
12358
12362
12363
12363
12364
12365
12368
12371
12372
12374
12375
12377
12378
12379
12379
12382
12384
12389
12390
12398
12402
12409
12410
12410
12412
12415
12418
12419
12421
12425
12425
12425
12426
12430
12430
12431
12435
12436
12437
12439
12439
12442
12443
12445
12446
12446
12448
12450
12457
12458
12459
12461
12463
12465
12466
12467
12468
12473
12476
12477
12482
12483
12483
12485
12485
12485
12487
12491
12492
12492
12500
12502
12504
12508
12508
12509
12509
12510
12513
12517
12519
12519
12522
12524
12529
12529
12530
12532
12533
12541
12543
12543
12548
12555
12562
12562
12564
12564
12565
12566
12567
12572
12573
12573
12573
12576
12577
12577
12578
12578
12579
12581
12582
12584
12585
12589
12590
12593
12593
12595
12596
12596
12598
12602
12602
12604
12608
12618
12618
12618
12621
12621
12623
12628
12636
12638
12640
12642
12642
12645
12647
12651
12651
12653
12656
12657
12659
12660
12661
12661
12663
12664
12671
12673
12675
12677
12677
12682
12684
12685
12686
12690
12693
12694
12696
12699
12700
12702
12703
12703
12706
12709
12710
12712
12713
12715
12716
12716
12721
12721
12724
12727
12727
12730
12731
12734
12735
12738
12740
12741
12744
12744
12744
12747
12748
12749
12749
12750
12754
12754
12758
12759
12761
12763
12763
12763
12777
12777
12780
12780
12787
12789
12793
12795
12798
12798
12801
12806
12807
12808
12808
12808
12808
12809
12809
12814
12815
12815
12817
12821
12821
12823
12825
12827
12827
12832
12833
12834
12840
12843
12844
12845
12845
12850
12853
12853
12858
12858
12860
12863
12863
12863
12868
12870
12876
12876
12880
12883
12884
12887
12889
12896
12896
12902
12905
12906
12906
12907
12909
12911
12912
12916
12916
12920
12920
12921
12923
12925
12925
12926
12927
12928
12929
12930
12932
12932
12933
12935
12938
12939
12940
12941
12941
12944
12946
12950
12950
12952
12953
12959
12959
12960
12962
12962
12964
12965
12967
12968
12970
12971
12972
12974
12977
12977
12979
12984
12986
12987
12988
12988
12991
12996
12999
12999
13000
13001
13003
13006
13011
13011
13011
13011
13012
13013
13017
13018
13021
13021
13027
13029
13030
13030
13030
13032
13035
13042
13044
13048
13049
13050
13050
13055
13055
13056
13060
13061
13061
13063
13065
13066
13069
13081
13081
13088
13091
13092
13092
13094
13094
13096
13097
13098
13098
13099
13102
13103
13105
13107
13108
13108
13111
13112
13113
13113
13114
13115
13116
13116
13117
13119
13119
13122
13126
13128
13129
13130
13133
13141
13143
13144
13146
13146
13149
13150
13151
13153
13157
13158
13158
13159
13160
13161
13167
13167
13168
13173
13173
13174
13181
13183
13187
13189
13189
13191
13193
13193
13193
13194
13195
13201
13203
13204
13207
13207
13210
13214
13216
13216
13220
13221
13222
13227
13229
13230
13233
13234
13236
13237
13240
13240
13246
13248
13249
13249
13250
13256
13258
13260
13263
13264
13265
13266
13269
13269
13269
13274
13279
13281
13286
13288
13289
13299
13305
13312
13314
13315
13317
13320
13322
13322
13324
13325
13328
13329
13330
13330
13334
13335
13335
13337
13339
13340
13341
13342
13343
13344
13344
13348
13355
13355
13356
13359
13360
13363
13364
13366
13369
13372
13372
13373
13374
13374
13377
13378
13379
13380
13380
13384
13385
13387
13389
13390
13395
13395
13396
13396
13397
13397
13398
13405
13406
13407
13408
13411
13414
13416
13417
13419
13421
13425
13425
13426
13427
13431
13431
13431
13435
13435
13437
13437
13437
13438
13440
13441
13443
13444
13445
13445
13445
13445
13449
13450
13452
13453
13459
13463
13463
13464
13465
13466
13466
13467
13470
13471
13472
13474
13480
13481
13482
13482
13483
13484
13487
13487
13487
13489
13490
13490
13491
13492
13497
13497
13498
13503
13503
13503
13508
13508
13513
13514
13516
13521
13523
13526
13530
13530
13531
13531
13532
13534
13535
13538
13540
13542
13543
13544
13544
13545
13548
13548
13549
13550
13553
13563
13564
13567
13568
13571
13574
13574
13577
13583
13587
13588
13589
13589
13603
13604
13605
13605
13605
13607
13607
13607
13615
13616
13617
13618
13619
13619
13619
13626
13626
13627
13627
13628
13629
13629
13632
13638
13639
13639
13640
13643
13644
13647
13652
13656
13656
13657
13659
13660
13662
13664
13665
13669
13669
13672
13672
13673
13674
13675
13676
13678
13678
13680
13681
13683
13684
13690
13690
13691
13693
13695
13696
13701
13704
13708
13717
13719
13720
13721
13721
13722
13723
13726
13728
13730
13732
13733
13735
13736
13736
13737
13739
13741
13744
13744
13749
13752
13753
13757
13758
13762
13764
13765
13771
13774
13775
13776
13779
13779
13779
13780
13786
13786
13786
13792
13792
13793
13793
13794
13797
13797
13797
13799
13801
13805
13806
13809
13813
13816
13817
13825
13829
13833
13834
13837
13849
13856
13858
13862
13864
13864
13864
13866
13867
13867
13867
13868
13870
13870
13873
13875
13882
13890
13890
13890
13890
13890
13891
13893
13896
13896
13899
13902
13906
13908
13910
13911
13911
13912
13912
13915
13923
13923
13924
13929
13933
13934
13936
13936
13938
13940
13948
13948
13949
13965
13966
13968
13969
13969
13970
13970
13973
13974
13974
13975
13977
13977
13978
13981
13982
13983
13983
13984
13991
13991
13993
13993
13995
13997
13998
13999
14000
14001
14004
14005
14008
14008
14019
14020
14023
14028
14030
14032
14034
14034
14035
14038
14042
14043
14046
14046
14050
14052
14053
14056
14058
14058
14063
14065
14067
14068
14069
14071
14071
14071
14071
14073
14073
14074
14076
14078
14078
14086
14088
14091
14091
14092
14094
14095
14096
14096
14100
14101
14109
14109
14112
14117
14120
14122
14122
14128
14128
14133
14135
14135
14136
14137
14138
14139
14139
14140
14140
14140
14142
14144
14147
14149
14149
14149
14152
14152
14157
14160
14162
14162
14166
14167
14168
14171
14174
14175
14177
14178
14181
14183
14185
14186
14190
14190
14190
14191
14191
14195
14195
14196
14201
14205
14205
14209
14209
14216
14218
14219
14220
14221
14225
14229
14233
14233
14234
14240
14241
14246
14246
14249
14250
14251
14253
14255
14255
14255
14259
14268
14268
14269
14271
14275
14276
14284
14285
14285
14289
14290
14292
14296
14300
14302
14304
14305
14306
14307
14308
14309
14313
14315
14315
14330
14330
14332
14332
14336
14339
14343
14346
14349
14350
14351
14351
14352
14354
14354
14354
14356
14359
14362
14364
14366
14366
14369
14372
14375
14377
14381
14384
14384
14385
14388
14389
14392
14392
14395
14396
14396
14397
14400
14406
14407
14407
14408
14410
14413
14416
14416
14418
14418
14419
14419
14426
14428
14430
14431
14432
14434
14435
14436
14436
14437
14442
14442
14442
14445
14445
14445
14446
14446
14447
14448
14450
14456
14456
14460
14460
14461
14462
14466
14468
14470
14474
14477
14480
14483
14484
14491
14496
14499
14499
14500
14504
14505
14507
14509
14511
14514
14514
14514
14519
14519
14521
14525
14532
14533
14539
14541
14542
14547
14549
14551
14554
14554
14557
14558
14561
14562
14569
14572
14577
14578
14583
14586
14588
14588
14589
14591
14594
14598
14602
14602
14609
14609
14609
14612
14613
14617
14618
14626
14627
14630
14630
14630
14632
14632
14635
14638
14638
14640
14643
14643
14644
14646
14646
14648
14651
14653
14658
14658
14660
14663
14665
14666
14667
14670
14671
14671
14672
14674
14675
14679
14682
14684
14686
14688
14689
14689
14689
14694
14695
14696
14697
14699
14699
14704
14708
14712
14713
14713
14717
14720
14722
14722
14723
14724
14724
14733
14735
14735
14735
14736
14739
14741
14746
14747
14748
14748
14749
14750
14755
14756
14757
14757
14757
14758
14758
14760
14761
14761
14764
14770
14771
14773
14774
14776
14777
14777
14781
14784
14786
14788
14790
14797
14799
14799
14799
14800
14801
14802
14803
14803
14804
14806
14807
14809
14810
14810
14813
14816
14817
14818
14825
14826
14827
14827
14828
14830
14833
14834
14834
14835
14835
14835
14836
14837
14837
14838
14839
14844
14844
14845
14845
14848
14848
14849
14850
14854
14854
14855
14864
14869
14870
14872
14884
14887
14899
14900
14900
14900
14901
14905
14910
14913
14922
14926
14931
14932
14933
14934
14935
14938
14940
14944
14945
14946
14950
14953
14954
14956
14960
14961
14962
14964
14965
14967
14973
14974
14975
14975
14980
14984
14985
14988
14990
14993
14994
14995
14997
14997
14998
15002
15003
15005
15005
15005
15008
15011
15012
15013
15015
15015
15016
15018
15024
15030
15031
15033
15035
15035
15038
15041
15043
15053
15054
15056
15056
15057
15057
15061
15061
15061
15061
15063
15065
15066
15073
15073
15073
15077
15079
15081
15086
15087
15089
15093
15094
15099
15102
15103
15104
15105
15107
15109
15110
15110
15114
15116
15116
15118
15118
15122
15123
15124
15126
15128
15130
15131
15137
15145
15145
15147
15149
15150
15154
15158
15158
15159
15162
15165
15166
15170
15170
15172
15173
15175
15176
15180
15187
15188
15189
15191
15195
15195
15197
15200
15204
15204
15205
15209
15211
15216
15217
15217
15219
15219
15220
15221
15222
15225
15228
15228
15229
15230
15232
15232
15234
15237
15242
15242
15242
15242
15244
15247
15250
15251
15256
15256
15261
15263
15264
15266
15269
15272
15272
15273
15274
15281
15284
15286
15290
15293
15297
15298
15299
15303
15303
15303
15304
15314
15317
15319
15319
15320
15322
15325
15330
15333
15334
15335
15337
15339
15340
15341
15344
15347
15347
15348
15348
15350
15357
15357
15358
15362
15363
15368
15369
15371
15374
15375
15375
15376
15378
15378
15382
15385
15391
15397
15399
15400
15403
15406
15410
15411
15412
15414
15415
15417
15420
15420
15424
15424
15426
15428
15431
15437
15441
15444
15446
15447
15447
15460
15460
15461
15463
15464
15464
15464
15465
15466
15470
15472
15473
15474
15475
15476
15476
15477
15478
15480
15480
15480
15480
15485
15487
15488
15488
15492
15494
15495
15496
15499
15502
15503
15504
15505
15506
15506
15510
15521
15523
15523
15528
15528
15529
15535
15540
15545
15547
15548
15554
15555
15555
15556
15559
15562
15562
15562
15563
15565
15565
15565
15566
15567
15578
15580
15584
15584
15585
15592
15593
15595
15596
15601
15602
15603
15605
15606
15606
15606
15609
15611
15611
15613
15614
15616
15623
15625
15626
15628
15628
15629
15631
15632
15633
15639
15639
15642
15642
15649
15650
15651
15655
15656
15656
15662
15665
15667
15671
15672
15673
15673
15673
15674
15674
15682
15688
15689
15690
15690
15691
15691
15692
15693
15696
15697
15698
15700
15702
15708
15711
15711
15716
15716
15717
15719
15720
15723
15724
15725
15726
15726
15729
15729
15729
15730
15730
15734
15735
15737
15746
15746
15748
15748
15748
15749
15751
15762
15762
15767
15767
15767
15770
15771
15771
15778
15778
15782
15782
15783
15785
15786
15786
15786
15788
15793
15794
15796
15799
15799
15799
15802
15802
15804
15805
15809
15812
15814
15819
15821
15821
15822
15824
15826
15826
15827
15829
15832
15834
15838
15845
15847
15847
15849
15853
15854
15858
15859
15860
15863
15865
15865
15866
15866
15866
15870
15872
15874
15874
15875
15875
15881
15882
15882
15884
15885
15887
15889
15894
15899
15902
15903
15903
15908
15911
15912
15912
15913
15919
15919
15921
15921
15923
15930
15934
15935
15935
15936
15940
15940
15944
15944
15945
15949
15950
15950
15951
15957
15958
15958
15961
15962
15962
15967
15968
15970
15972
15972
15976
15978
15981
15983
15983
15984
15987
15994
15995
15998
15998
15999
16000
16001
16002
16008
16009
16009
16010
16011
16012
16015
16015
16021
16023
16024
16027
16028
16032
16033
16033
16035
16040
16041
16045
16045
16045
16046
16047
16047
16050
16050
16050
16052
16053
16057
16059
16061
16062
16067
16069
16072
16073
16077
16078
16078
16079
16083
16083
16084
16086
16087
16088
16091
16091
16093
16094
16096
16100
16102
16107
16110
16110
16111
16114
16115
16119
16120
16126
16127
16130
16130
16132
16133
16134
16135
16137
16140
16142
16147
16148
16150
16150
16154
16155
16161
16161
16161
16165
16166
16168
16170
16175
16180
16185
16185
16185
16190
16192
16195
16198
16200
16203
16206
16212
16214
16216
16220
16224
16229
16230
16230
16233
16235
16236
16237
16242
16244
16246
16246
16248
16250
16251
16254
16255
16256
16256
16258
16258
16259
16261
16262
16264
16265
16265
16271
16274
16276
16277
16281
16282
16283
16288
16295
16295
16296
16298
16299
16299
16304
16305
16306
16308
16309
16310
16311
16311
16312
16315
16316
16316
16318
16320
16321
16323
16324
16326
16326
16328
16328
16329
16336
16336
16337
16338
16338
16338
16339
16340
16344
16344
16345
16346
16349
16352
16355
16357
16359
16365
16371
16373
16375
16375
16375
16377
16387
16387
16395
16398
16405
16405
16405
16407
16412
16417
16420
16420
16424
16427
16434
16435
16436
16437
16437
16441
16445
16446
16449
16451
16452
16454
16455
16455
16458
16461
16462
16462
16462
16465
16467
16470
16471
16473
16476
16479
16480
16483
16484
16488
16488
16498
16499
16500
16501
16502
16503
16504
16508
16509
16513
16515
16519
16520
16520
16521
16526
16526
16528
16529
16530
16533
16534
16534
16543
16546
16551
16553
16558
16561
16562
16563
16565
16567
16569
16574
16574
16577
16579
16581
16581
16582
16584
16587
16587
16587
16590
16592
16596
16597
16599
16600
16601
16603
16605
16605
16607
16610
16612
16613
16613
16618
16621
16627
16628
16628
16630
16631
16632
16633
16634
16635
16636
16640
16645
16649
16649
16650
16653
16655
16656
16662
16665
16665
16665
16666
16668
16668
16672
16673
16675
16676
16677
16678
16687
16689
16691
16694
16695
16696
16696
16698
16700
16701
16703
16703
16706
16708
16710
16712
16717
16720
16721
16722
16722
16723
16723
16727
16727
16730
16739
16741
16742
16743
16744
16749
16749
16749
16750
16750
16751
16753
16756
16757
16757
16757
16758
16760
16762
16763
16766
16768
16770
16773
16774
16777
16777
16778
16779
16779
16780
16784
16788
16789
16791
16792
16794
16801
16804
16807
16807
16812
16813
16815
16816
16817
16822
16823
16831
16832
16835
16837
16841
16845
16847
16848
16848
16852
16853
16853
16856
16858
16859
16859
16863
16863
16863
16865
16867
16868
16872
16873
16874
16876
16877
16879
16881
16882
16884
16885
16887
16888
16890
16891
16899
16900
16904
16906
16907
16909
16910
16910
16913
16913
16914
16917
16917
16918
16921
16924
16928
16929
16932
16934
16934
16934
16935
16941
16944
16945
16947
16947
16950
16952
16952
16957
16960
16961
16963
16967
16968
16969
16969
16974
16976
16981
16981
16981
16982
16983
16986
16987
16990
16994
16994
16994
16995
17000
17001
17010
17011
17011
17012
17013
17015
17019
17019
17021
17024
17024
17025
17025
17029
17034
17034
17037
17041
17042
17047
17055
17056
17057
17063
17064
17069
17069
17074
17074
17074
17076
17076
17078
17080
17082
17083
17085
17085
17090
17091
17092
17092
17097
17099
17101
17104
17107
17107
17107
17109
17113
17117
17121
17125
17126
17133
17140
17151
17155
17155
17155
17155
17158
17158
17161
17162
17162
17163
17164
17167
17167
17167
17171
17173
17174
17176
17185
17188
17190
17193
17196
17198
17199
17200
17200
17202
17204
17205
17208
17210
17216
17218
17218
17220
17222
17222
17224
17226
17231
17235
17235
17235
17239
17239
17239
17242
17243
17247
17247
17252
17252
17253
17254
17257
17260
17261
17263
17265
17269
17271
17273
17276
17277
17281
17283
17286
17289
17289
17292
17294
17295
17298
17300
17301
17301
17301
17304
17305
17305
17306
17307
17310
17315
17315
17316
17316
17321
17323
17325
17325
17329
17331
17334
17335
17338
17342
17346
17348
17354
17357
17367
17368
17369
17370
17370
17376
17377
17381
17381
17383
17387
17387
17388
17388
17390
17392
17394
17396
17396
17397
17400
17402
17405
17406
17407
17409
17410
17414
17414
17415
17415
17416
17416
17417
17417
17418
17421
17422
17428
17432
17433
17437
17440
17443
17446
17446
17448
17453
17462
17471
17472
17475
17475
17476
17480
17480
17483
17487
17489
17489
17493
17495
17501
17501
17504
17507
17513
17514
17518
17519
17520
17522
17525
17526
17528
17529
17532
17532
17533
17534
17536
17541
17542
17547
17548
17552
17552
17555
17556
17560
17560
17563
17563
17566
17568
17568
17572
17574
17574
17575
17578
17579
17587
17593
17594
17594
17595
17595
17598
17599
17600
17601
17603
17605
17607
17608
17610
17613
17614
17615
17615
17618
17620
17620
17623
17623
17624
17627
17628
17629
17631
17633
17640
17641
17645
17646
17652
17654
17655
17656
17661
17661
17662
17665
17666
17670
17672
17672
17677
17678
17683
17685
17687
17688
17688
17690
17690
17691
17694
17695
17695
17696
17697
17697
17699
17700
17702
17704
17705
17709
17709
17712
17718
17720
17726
17730
17731
17732
17735
17735
17736
17739
17745
17746
17750
17750
17751
17757
17757
17758
17759
17761
17761
17763
17763
17764
17765
17769
17770
17774
17779
17784
17786
17787
17788
17792
17793
17799
17805
17807
17809
17809
17812
17812
17816
17816
17824
17825
17831
17831
17835
17835
17836
17842
17844
17845
17847
17849
17849
17852
17862
17863
17865
17868
17869
17869
17870
17872
17873
17875
17876
17876
17876
17880
17882
17885
17888
17890
17891
17893
17895
17897
17899
17908
17909
17910
17912
17912
17914
17919
17920
17921
17925
17929
17929
17930
17930
17932
17941
17941
17942
17948
17949
17951
17960
17964
17970
17971
17972
17976
17978
17978
17981
17984
17986
17987
17990
17994
17994
18000
18002
18003
18005
18006
18008
18009
18009
18013
18014
18016
18020
18023
18024
18026
18027
18028
18028
18028
18031
18034
18034
18037
18038
18039
18040
18043
18044
18046
18048
18053
18055
18055
18058
18058
18060
18061
18061
18067
18069
18071
18071
18073
18074
18076
18076
18078
18078
18081
18083
18084
18085
18086
18089
18093
18094
18097
18097
18101
18103
18104
18106
18109
18113
18114
18116
18117
18117
18119
18121
18124
18124
18126
18132
18133
18134
18135
18140
18142
18144
18150
18152
18154
18154
18156
18158
18159
18160
18162
18163
18164
18165
18166
18168
18168
18170
18171
18171
18176
18176
18180
18182
18187
18189
18190
18191
18193
18197
18198
18198
18199
18203
18203
18204
18205
18206
18206
18207
18208
18212
18212
18214
18214
18215
18217
18219
18221
18221
18222
18223
18228
18230
18231
18232
18234
18237
18238
18239
18240
18241
18245
18245
18245
18249
18250
18251
18253
18253
18256
18262
18262
18263
18266
18269
18270
18272
18272
18275
18276
18277
18278
18279
18280
18282
18286
18287
18289
18291
18292
18293
18295
18296
18296
18299
18301
18302
18302
18304
18304
18306
18308
18309
18311
18313
18316
18317
18321
18322
18324
18325
18327
18328
18332
18334
18334
18335
18335
18339
18341
18341
18342
18345
18346
18346
18353
18358
18359
18361
18362
18364
18369
18369
18369
18370
18372
18373
18375
18378
18378
18380
18381
18387
18389
18390
18395
18397
18400
18401
18402
18402
18403
18410
18410
18413
18413
18414
18418
18420
18420
18420
18420
18422
18425
18426
18427
18428
18429
18432
18434
18438
18439
18440
18441
18441
18442
18442
18442
18446
18446
18447
18447
18450
18450
18452
18455
18456
18459
18461
18464
18465
18469
18474
18475
18479
18480
18484
18485
18487
18488
18492
18492
18496
18497
18497
18501
18501
18501
18503
18504
18512
18515
18516
18519
18523
18524
18525
18525
18528
18528
18529
18531
18532
18533
18539
18543
18545
18546
18546
18546
18548
18550
18551
18552
18555
18560
18560
18561
18565
18566
18566
18568
18569
18571
18581
18584
18587
18588
18589
18590
18591
18592
18593
18594
18594
18594
18596
18597
18598
18602
18602
18604
18605
18605
18606
18606
18609
18618
18625
18626
18629
18633
18635
18636
18638
18640
18643
18644
18645
18650
18651
18652
18655
18660
18662
18662
18663
18673
18673
18674
18674
18675
18677
18680
18686
18686
18691
18693
18695
18695
18696
18699
18699
18700
18701
18704
18708
18709
18711
18712
18715
18717
18722
18723
18725
18726
18727
18737
18738
18739
18739
18739
18742
18743
18744
18744
18745
18750
18752
18753
18753
18755
18758
18762
18763
18765
18774
18775
18777
18780
18782
18783
18784
18785
18788
18792
18792
18794
18794
18801
18803
18804
18806
18806
18809
18809
18809
18811
18821
18822
18823
18825
18825
18826
18829
18830
18832
18832
18833
18833
18834
18838
18843
18843
18847
18852
18853
18857
18859
18860
18864
18866
18867
18868
18870
18876
18881
18881
18883
18883
18884
18889
18890
18891
18893
18894
18894
18894
18895
18898
18900
18907
18907
18911
18912
18915
18915
18915
18916
18918
18918
18922
18922
18924
18924
18925
18932
18935
18936
18937
18938
18939
18940
18944
18944
18946
18947
18949
18950
18951
18954
18955
18955
18957
18958
18960
18963
18964
18965
18974
18979
18983
18983
18987
18988
18989
18992
18993
18994
18998
18998
18999
19000
19002
19003
19003
19009
19010
19011
19012
19013
19020
19022
19024
19024
19024
19032
19034
19035
19038
19041
19043
19043
19045
19048
19048
19050
19051
19052
19054
19065
19065
19066
19067
19067
19068
19070
19073
19076
19080
19086
19088
19091
19093
19094
19102
19108
19110
19110
19111
19116
19116
19118
19119
19122
19123
19124
19130
19132
19134
19134
19135
19139
19141
19141
19144
19145
19147
19147
19149
19151
19152
19155
19155
19156
19156
19158
19159
19162
19169
19173
19173
19174
19179
19179
19188
19188
19189
19190
19190
19192
19196
19197
19198
19199
19200
19200
19201
19206
19207
19207
19207
19208
19208
19209
19210
19211
19212
19212
19217
19220
19224
19224
19227
19228
19228
19233
19235
19238
19240
19241
19246
19246
19248
19250
19250
19252
19253
19256
19257
19260
19261
19261
19271
19273
19274
19277
19278
19281
19283
19286
19287
19288
19288
19291
19292
19293
19295
19302
19307
19307
19315
19316
19317
19317
19322
19323
19324
19324
19330
19332
19335
19337
19344
19348
19349
19351
19354
19358
19359
19362
19364
19373
19374
19375
19377
19377
19379
19380
19381
19382
19383
19386
19387
19390
19395
19396
19399
19400
19401
19404
19405
19408
19409
19413
19414
19414
19415
19417
19419
19419
19421
19421
19421
19424
19425
19431
19432
19433
19435
19437
19439
19442
19446
19446
19448
19449
19449
19451
19453
19456
19457
19459
19460
19463
19463
19464
19469
19472
19480
19482
19482
19482
19493
19496
19497
19505
19515
19515
19521
19522
19523
19525
19526
19527
19530
19531
19531
19531
19532
19538
19542
19543
19544
19547
19549
19549
19549
19550
19551
19552
19552
19553
19553
19553
19557
19559
19563
19564
19566
19566
19566
19566
19567
19567
19571
19571
19572
19574
19574
19578
19580
19581
19589
19590
19591
19592
19592
19595
19596
19596
19598
19598
19599
19604
19605
19605
19607
19609
19610
19612
19612
19614
19616
19617
19618
19619
19619
19621
19625
19628
19631
19634
19637
19638
19639
19640
19641
19641
19642
19644
19648
19651
19652
19652
19654
19655
19656
19656
19656
19659
19663
19664
19665
19665
19665
19669
19670
19671
19673
19677
19677
19679
19680
19681
19685
19685
19686
19686
19686
19687
19691
19692
19693
19694
19695
19696
19697
19698
19699
19700
19701
19705
19707
19711
19714
19715
19716
19717
19720
19722
19723
19723
19725
19731
19734
19735
19737
19739
19740
19741
19747
19763
19763
19764
19764
19765
19765
19765
19768
19769
19770
19774
19776
19779
19779
19784
19785
19788
19788
19789
19791
19791
19794
19796
19796
19797
19801
19806
19807
19809
19813
19814
19817
19817
19823
19825
19828
19828
19833
19835
19835
19837
19839
19840
19843
19847
19848
19850
19855
19856
19856
19856
19857
19860
19863
19863
19864
19864
19867
19867
19868
19875
19876
19877
19881
19882
19886
19889
19890
19891
19893
19897
19897
19905
19909
19910
19911
19914
19916
19919
19920
19922
19924
19924
19924
19927
19931
19931
19934
19935
19935
19937
19943
19943
19945
19947
19953
19953
19954
19957
19957
19959
19960
19962
19970
19973
19979
19980
19982
19983
19984
19985
19987
19994
19994
19999
19999
19999
20000
20000
20001
20002
20005
20005
20006
20007
20012
20012
20012
20013
20014
20020
20021
20024
20025
20025
20029
20032
20035
20036
20039
20043
20048
20057
20058
20059
20065
20066
20070
20073
20073
20077
20078
20079
20083
20084
20088
20089
20091
20098
20100
20100
20101
20101
20103
20103
20106
20108
20108
20114
20115
20116
20117
20117
20121
20122
20124
20127
20128
20130
20131
20132
20133
20138
20138
20139
20150
20150
20150
20154
20155
20156
20158
20160
20160
20164
20166
20167
20173
20173
20174
20175
20178
20178
20181
20195
20196
20196
20197
20199
20203
20204
20204
20206
20206
20208
20209
20210
20211
20217
20230
20234
20234
20237
20240
20242
20243
20244
20245
20247
20250
20251
20251
20252
20252
20253
20253
20253
20253
20257
20257
20258
20258
20259
20259
20259
20260
20260
20264
20267
20267
20269
20271
20272
20274
20278
20278
20279
20282
20283
20286
20286
20289
20290
20292
20292
20292
20298
20301
20301
20301
20307
20312
20312
20313
20316
20320
20322
20324
20325
20328
20330
20331
20331
20333
20334
20336
20337
20341
20342
20342
20344
20345
20346
20347
20349
20349
20350
20351
20352
20355
20355
20358
20360
20363
20363
20363
20371
20373
20373
20382
20384
20385
20388
20394
20406
20407
20413
20414
20414
20414
20416
20417
20422
20423
20424
20428
20429
20432
20432
20433
20434
20435
20435
20436
20439
20448
20449
20449
20451
20453
20454
20454
20455
20455
20456
20458
20458
20461
20465
20465
20466
20472
20472
20475
20478
20478
20484
20489
20490
20490
20492
20493
20494
20501
20502
20503
20506
20506
20509
20510
20510
20512
20515
20515
20518
20519
20522
20525
20526
20530
20531
20534
20545
20549
20549
20551
20553
20555
20556
20557
20564
20565
20568
20569
20570
20572
20572
20577
20577
20578
20583
20586
20588
20589
20590
20590
20595
20604
20605
20608
20608
20612
20619
20620
20620
20624
20626
20628
20630
20631
20632
20633
20634
20637
20638
20639
20641
20642
20644
20645
20645
20647
20647
20647
20648
20649
20650
20650
20653
20654
20658
20661
20663
20663
20663
20666
20666
20667
20671
20677
20683
20686
20688
20696
20696
20698
20702
20703
20706
20707
20716
20716
20716
20718
20723
20723
20728
20733
20737
20737
20740
20743
20745
20747
20747
20749
20751
20751
20752
20757
20758
20760
20765
20767
20769
20772
20775
20775
20777
20778
20780
20780
20781
20782
20782
20783
20789
20789
20789
20791
20793
20797
20798
20799
20801
20804
20806
20808
20810
20811
20813
20820
20821
20821
20823
20824
20825
20828
20833
20833
20834
20834
20834
20835
20836
20838
20838
20840
20843
20844
20845
20845
20848
20850
20850
20852
20855
20858
20858
20859
20859
20860
20861
20864
20864
20870
20870
20870
20871
20872
20873
20874
20877
20878
20882
20883
20884
20886
20886
20888
20889
20892
20894
20896
20896
20897
20897
20898
20899
20902
20906
20906
20909
20915
20915
20923
20925
20925
20931
20932
20933
20934
20934
20935
20936
20939
20939
20943
20943
20944
20945
20947
20949
20951
20954
20955
20955
20956
20960
20960
20964
20965
20965
20965
20966
20966
20969
20972
20977
20980
20989
20990
20990
20991
20992
20993
20993
20993
20996
20998
20998
21000
21000
21003
21004
21004
21005
21005
21006
21008
21009
21012
21012
21016
21019
21020
21022
21022
21023
21027
21031
21034
21042
21042
21042
21044
21046
21048
21049
21053
21055
21058
21061
21062
21066
21066
21069
21069
21070
21070
21073
21073
21075
21076
21077
21077
21077
21077
21080
21080
21083
21086
21087
21088
21091
21091
21092
21092
21100
21108
21115
21116
21118
21119
21120
21124
21125
21125
21129
21129
21136
21137
21142
21143
21145
21146
21152
21157
21157
21158
21158
21159
21160
21161
21166
21166
21167
21168
21172
21172
21178
21182
21182
21183
21185
21186
21187
21188
21188
21188
21190
21192
21193
21194
21195
21195
21198
21201
21204
21208
21215
21215
21219
21220
21224
21225
21226
21227
21230
21235
21237
21239
21243
21244
21245
21255
21255
21258
21259
21264
21266
21268
21273
21275
21279
21281
21281
21281
21281
21283
21285
21287
21288
21290
21292
21293
21294
21302
21303
21303
21311
21314
21315
21321
21323
21324
21325
21327
21328
21335
21339
21339
21340
21341
21346
21352
21356
21358
21358
21361
21362
21363
21363
21364
21365
21365
21367
21368
21373
21375
21376
21376
21377
21380
21381
21381
21383
21384
21384
21384
21388
21390
21390
21392
21394
21395
21396
21406
21408
21409
21410
21412
21415
21415
21416
21417
21418
21419
21423
21426
21430
21440
21440
21441
21441
21442
21442
21442
21445
21446
21448
21449
21455
21456
21458
21460
21463
21464
21464
21464
21465
21465
21466
21467
21467
21468
21469
21470
21471
21471
21471
21475
21475
21477
21477
21477
21477
21478
21480
21480
21481
21482
21484
21487
21493
21493
21496
21501
21501
21503
21503
21504
21508
21508
21509
21513
21514
21518
21522
21522
21523
21524
21531
21532
21534
21540
21541
21544
21546
21547
21549
21549
21551
21551
21551
21552
21561
21562
21562
21564
21564
21565
21565
21567
21567
21568
21569
21569
21569
21569
21570
21571
21573
21576
21577
21578
21579
21579
21580
21581
21585
21587
21589
21593
21595
21597
21597
21597
21597
21598
21600
21607
21610
21611
21612
21616
21617
21621
21625
21633
21635
21636
21637
21647
21647
21649
21649
21650
21651
21651
21652
21652
21652
21653
21654
21655
21656
21656
21659
21659
21661
21662
21662
21663
21664
21668
21670
21672
21672
21673
21674
21680
21681
21681
21683
21684
21691
21692
21692
21693
21694
21696
21700
21701
21701
21701
21703
21706
21710
21711
21714
21722
21726
21727
21732
21733
21737
21738
21738
21745
21754
21754
21758
21764
21766
21767
21771
21771
21776
21780
21780
21785
21787
21788
21789
21790
21790
21792
21794
21797
21802
21802
21803
21803
21810
21810
21810
21811
21812
21813
21813
21813
21815
21816
21817
21819
21820
21820
21820
21821
21822
21823
21826
21826
21827
21828
21829
21829
21831
21833
21834
21835
21841
21846
21849
21850
21851
21851
21854
21855
21856
21857
21863
21865
21867
21871
21873
21873
21875
21878
21878
21889
21889
21890
21890
21890
21891
21894
21896
21897
21897
21899
21907
21907
21908
21910
21914
21915
21916
21917
21918
21919
21922
21923
21924
21926
21926
21930
21932
21933
21933
21936
21936
21940
21942
21942
21942
21945
21945
21949
21952
21957
21958
21959
21960
21961
21963
21963
21963
21967
21969
21970
21973
21975
21975
21976
21977
21978
21982
21984
21986
21987
21987
21990
21991
21993
21993
21996
21997
21998
21999
22006
22007
22007
22007
22008
22014
22019
22023
22024
22024
22028
22030
22033
22036
22038
22038
22041
22044
22045
22046
22046
22047
22047
22047
22048
22048
22049
22051
22052
22056
22060
22065
22068
22068
22070
22071
22071
22072
22075
22076
22076
22087
22088
22092
22095
22103
22105
22106
22109
22111
22114
22115
22117
22117
22118
22118
22120
22123
22130
22140
22145
22146
22149
22151
22152
22152
22155
22156
22157
22159
22160
22161
22165
22173
22176
22176
22178
22178
22180
22183
22184
22186
22194
22200
22205
22207
22208
22211
22212
22213
22214
22216
22217
22224
22226
22226
22226
22227
22229
22230
22230
22241
22243
22245
22246
22247
22249
22253
22253
22255
22256
22264
22264
22265
22265
22267
22267
22268
22269
22270
22270
22271
22287
22287
22288
22288
22290
22293
22294
22295
22296
22296
22298
22299
22299
22300
22304
22304
22305
22305
22306
22311
22312
22312
22312
22314
22316
22319
22320
22321
22322
22326
22331
22336
22336
22337
22339
22340
22341
22348
22352
22353
22354
22359
22360
22361
22366
22367
22368
22369
22370
22372
22382
22384
22386
22387
22388
22388
22388
22389
22389
22391
22394
22394
22396
22398
22398
22402
22404
22410
22411
22415
22416
22416
22418
22419
22419
22423
22424
22431
22438
22444
22447
22448
22450
22450
22450
22451
22451
22452
22453
22455
22456
22457
22459
22460
22461
22461
22464
22466
22469
22469
22469
22470
22472
22472
22476
22477
22478
22481
22483
22494
22496
22496
22505
22509
22511
22513
22513
22515
22523
22526
22526
22530
22530
22531
22533
22538
22539
22539
22544
22545
22546
22548
22550
22553
22555
22556
22558
22562
22563
22563
22564
22566
22567
22567
22568
22571
22571
22575
22576
22576
22576
22578
22579
22579
22580
22581
22583
22586
22586
22587
22590
22592
22601
22606
22607
22608
22610
22611
22611
22612
22622
22624
22632
22633
22634
22634
22636
22637
22639
22641
22642
22644
22645
22647
22647
22647
22647
22648
22648
22648
22649
22655
22656
22658
22658
22660
22660
22660
22661
22661
22663
22666
22668
22668
22670
22673
22675
22676
22677
22683
22684
22685
22685
22699
22703
22703
22706
22707
22712
22713
22714
22716
22717
22718
22721
22726
22727
22728
22729
22733
22734
22734
22735
22739
22739
22741
22741
22744
22744
22745
22748
22750
22754
22756
22756
22759
22761
22762
22764
22767
22769
22770
22771
22773
22776
22779
22779
22784
22791
22792
22794
22794
22795
22795
22799
22800
22801
22802
22807
22808
22808
22809
22810
22812
22812
22812
22820
22820
22821
22822
22822
22822
22822
22824
22829
22833
22833
22833
22834
22834
22835
22836
22836
22836
22840
22841
22842
22845
22846
22849
22850
22852
22852
22854
22856
22857
22858
22860
22860
22862
22864
22865
22868
22868
22869
22871
22874
22875
22876
22879
22881
22881
22883
22884
22886
22886
22887
22890
22894
22894
22894
22895
22897
22897
22904
22905
22905
22905
22906
22907
22908
22910
22912
22912
22912
22913
22916
22918
22918
22920
22920
22922
22922
22922
22923
22923
22928
22928
22928
22929
22929
22932
22933
22935
22937
22938
22939
22942
22944
22944
22946
22948
22948
22949
22950
22955
22956
22959
22963
22969
22972
22972
22972
22978
22982
22986
22990
22990
22991
22991
22995
23001
23007
23008
23009
23009
23010
23013
23013
23019
23019
23020
23022
23022
23023
23027
23028
23029
23035
23036
23038
23040
23040
23047
23048
23048
23049
23049
23050
23050
23056
23057
23059
23064
23065
23065
23069
23073
23075
23075
23080
23084
23088
23088
23089
23103
23107
23112
23113
23114
23118
23119
23120
23122
23123
23124
23125
23127
23128
23128
23142
23143
23144
23145
23146
23148
23149
23153
23157
23160
23160
23162
23163
23165
23168
23171
23172
23174
23175
23178
23181
23184
23185
23187
23188
23189
23192
23193
23194
23194
23198
23198
23199
23200
23200
23201
23206
23207
23209
23210
23211
23213
23214
23218
23218
23220
23220
23221
23223
23224
23225
23225
23230
23231
23233
23234
23234
23237
23237
23239
23240
23243
23245
23246
23249
23250
23255
23256
23257
23259
23260
23264
23269
23271
23271
23271
23275
23277
23282
23282
23283
23289
23290
23290
23292
23296
23301
23304
23307
23307
23308
23321
23322
23322
23324
23325
23327
23329
23330
23331
23331
23333
23349
23359
23362
23363
23366
23372
23376
23377
23378
23378
23381
23385
23386
23389
23392
23396
23396
23396
23400
23400
23400
23401
23405
23410
23417
23424
23426
23427
23428
23432
23434
23434
23436
23436
23437
23438
23440
23451
23454
23457
23458
23462
23463
23465
23466
23466
23466
23468
23469
23472
23476
23478
23479
23480
23481
23481
23481
23485
23487
23488
23489
23491
23491
23493
23497
23497
23498
23499
23502
23506
23506
23510
23513
23515
23516
23517
23518
23519
23520
23520
23521
23523
23524
23529
23529
23530
23533
23534
23536
23539
23541
23543
23544
23546
23549
23555
23556
23557
23557
23558
23561
23562
23562
23563
23569
23571
23572
23573
23575
23575
23577
23584
23584
23585
23587
23588
23589
23589
23589
23589
23589
23590
23590
23590
23592
23594
23595
23596
23597
23598
23599
23602
23606
23610
23610
23610
23611
23615
23618
23618
23619
23619
23620
23622
23622
23623
23624
23626
23628
23630
23633
23634
23634
23638
23639
23639
23640
23644
23646
23647
23647
23647
23648
23648
23654
23654
23657
23659
23660
23660
23662
23663
23664
23665
23666
23667
23667
23670
23670
23672
23675
23679
23685
23686
23686
23687
23688
23689
23691
23698
23698
23701
23702
23703
23704
23706
23706
23709
23712
23713
23721
23727
23731
23731
23735
23738
23740
23740
23741
23743
23745
23745
23746
23747
23747
23749
23750
23751
23753
23754
23758
23759
23760
23764
23766
23768
23768
23768
23770
23771
23773
23773
23773
23776
23779
23781
23782
23784
23787
23791
23792
23792
23795
23797
23799
23801
23802
23804
23815
23816
23817
23819
23820
23822
23826
23831
23837
23837
23838
23839
23840
23842
23844
23844
23845
23846
23846
23858
23859
23862
23862
23864
23864
23866
23867
23872
23873
23876
23878
23878
23879
23880
23882
23883
23884
23885
23886
23889
23896
23896
23898
23900
23900
23910
23911
23915
23915
23918
23919
23922
23922
23926
23930
23930
23934
23936
23938
23941
23941
23943
23953
23954
23956
23956
23957
23959
23961
23971
23971
23974
23975
23978
23987
23989
23989
23991
23992
23997
24012
24018
24020
24020
24021
24024
24034
24035
24039
24040
24041
24041
24043
24049
24053
24054
24055
24059
24059
24067
24068
24069
24071
24073
24073
24074
24075
24076
24077
24080
24083
24089
24090
24093
24102
24103
24107
24109
24112
24112
24113
24115
24119
24120
24120
24122
24123
24123
24125
24125
24127
24128
24129
24131
24132
24133
24137
24138
24141
24141
24144
24144
24146
24147
24150
24150
24157
24160
24163
24168
24169
24171
24174
24174
24179
24191
24191
24193
24194
24195
24196
24198
24200
24201
24206
24206
24210
24213
24214
24216
24217
24222
24227
24229
24232
24236
24236
24237
24239
24240
24240
24242
24243
24243
24246
24246
24251
24251
24253
24254
24260
24261
24281
24282
24285
24285
24286
24289
24289
24289
24292
24292
24294
24303
24307
24311
24312
24313
24316
24318
24320
24321
24322
24322
24324
24324
24325
24328
24330
24330
24331
24334
24335
24344
24345
24346
24348
24353
24360
24361
24364
24364
24364
24366
24368
24369
24376
24378
24380
24382
24382
24383
24383
24387
24389
24390
24391
24391
24393
24394
24394
24397
24399
24405
24408
24409
24410
24411
24411
24414
24414
24416
24416
24417
24417
24418
24418
24418
24420
24422
24425
24427
24428
24428
24428
24430
24434
24434
24438
24439
24441
24444
24448
24449
24449
24450
24451
24453
24454
24459
24460
24460
24460
24462
24462
24471
24473
24473
24475
24475
24476
24479
24480
24481
24486
24487
24489
24492
24495
24499
24499
24501
24501
24502
24508
24513
24514
24516
24518
24518
24526
24526
24529
24529
24533
24535
24537
24538
24542
24547
24549
24549
24549
24553
24555
24558
24559
24560
24561
24561
24563
24565
24566
24568
24570
24571
24571
24574
24575
24575
24577
24578
24579
24580
24581
24581
24581
24583
24584
24584
24587
24588
24589
24590
24591
24593
24596
24597
24597
24598
24599
24599
24600
24600
24601
24601
24602
24603
24603
24604
24607
24607
24608
24608
24610
24619
24620
24624
24625
24628
24631
24634
24634
24640
24643
24644
24647
24652
24657
24659
24661
24666
24666
24667
24669
24669
24671
24672
24677
24680
24685
24686
24689
24689
24689
24689
24693
24694
24698
24698
24701
24701
24704
24705
24708
24711
24714
24714
24717
24721
24721
24723
24723
24724
24727
24728
24728
24729
24730
24730
24734
24737
24738
24740
24740
24741
24744
24747
24748
24752
24756
24760
24762
24769
24772
24775
24775
24776
24778
24780
24782
24783
24784
24785
24786
24786
24788
24790
24791
24791
24800
24800
24801
24808
24810
24812
24813
24814
24814
24814
24815
24816
24817
24817
24818
24819
24819
24822
24823
24824
24824
24825
24826
24830
24831
24834
24834
24839
24840
24840
24849
24849
24850
24850
24852
24855
24855
24859
24864
24865
24865
24866
24868
24872
24872
24873
24875
24877
24881
24881
24883
24884
24887
24891
24893
24894
24895
24896
24897
24898
24898
24899
24902
24903
24906
24909
24910
24913
24913
24913
24915
24915
24920
24924
24929
24931
24931
24933
24936
24937
24939
24940
24947
24952
24955
24957
24957
24959
24960
24965
24966
24969
24970
24971
24974
24975
24976
24979
24982
24983
24984
24986
24989
24992
24993
24995
24996
24998
24999
24999
25000
25000
25002
25003
25003
25006
25010
25011
25012
25016
25017
25019
25021
25025
25027
25029
25030
25031
25035
25037
25037
25037
25037
25038
25042
25042
25044
25044
25045
25047
25047
25050
25059
25059
25062
25066
25068
25068
25069
25069
25070
25070
25073
25073
25080
25082
25082
25087
25088
25090
25090
25091
25091
25093
25097
25102
25109
25111
25111
25113
25114
25115
25115
25116
25116
25119
25121
25122
25123
25124
25125
25128
25128
25130
25131
25139
25142
25149
25152
25157
25158
25160
25160
25160
25161
25163
25168
25170
25174
25175
25176
25177
25177
25178
25181
25184
25184
25185
25186
25186
25188
25192
25202
25203
25203
25203
25205
25207
25207
25207
25209
25211
25212
25214
25214
25220
25222
25222
25222
25227
25228
25231
25232
25232
25232
25233
25235
25235
25240
25241
25244
25244
25248
25249
25250
25254
25257
25258
25258
25258
25258
25260
25263
25263
25263
25263
25265
25266
25268
25268
25268
25269
25269
25269
25270
25272
25276
25277
25277
25280
25281
25285
25286
25286
25288
25295
25297
25302
25306
25307
25307
25307
25308
25312
25313
25331
25337
25339
25342
25345
25345
25350
25360
25366
25366
25367
25367
25367
25369
25375
25375
25375
25377
25378
25379
25379
25384
25386
25387
25388
25388
25389
25392
25393
25401
25408
25408
25411
25422
25423
25424
25429
25434
25436
25438
25439
25441
25449
25451
25452
25452
25453
25455
25456
25457
25460
25461
25462
25463
25464
25468
25475
25475
25479
25481
25483
25484
25486
25488
25493
25493
25497
25499
25503
25503
25505
25507
25507
25513
25513
25518
25520
25522
25526
25526
25526
25528
25528
25528
25537
25539
25543
25543
25551
25552
25556
25556
25556
25558
25559
25560
25560
25561
25567
25567
25568
25572
25576
25577
25579
25579
25580
25580
25580
25581
25581
25581
25583
25587
25588
25591
25594
25598
25599
25600
25601
25601
25602
25609
25611
25612
25614
25616
25618
25618
25620
25620
25621
25624
25624
25628
25629
25630
25635
25635
25635
25644
25646
25650
25656
25659
25660
25661
25661
25666
25668
25669
25671
25674
25676
25678
25681
25682
25682
25683
25683
25685
25690
25690
25690
25691
25694
25696
25700
25701
25703
25704
25708
25711
25715
25717
25717
25719
25720
25723
25725
25728
25728
25729
25731
25739
25745
25745
25746
25746
25750
25751
25752
25753
25754
25756
25760
25761
25762
25764
25769
25769
25773
25774
25777
25779
25782
25782
25783
25790
25792
25793
25793
25796
25797
25797
25797
25798
25801
25801
25804
25807
25807
25808
25809
25810
25811
25812
25812
25814
25815
25818
25818
25820
25823
25824
25824
25824
25825
25830
25830
25833
25840
25842
25844
25846
25847
25850
25852
25853
25854
25857
25861
25862
25863
25864
25865
25867
25867
25873
25875
25878
25879
25880
25885
25889
25889
25895
25895
25897
25898
25899
25900
25901
25903
25904
25906
25910
25912
25915
25918
25920
25926
25929
25930
25935
25937
25937
25941
25943
25945
25947
25952
25953
25954
25958
25958
25958
25963
25967
25970
25973
25981
25986
25988
25988
25989
25992
25994
25996
25998
26000
26009
26011
26011
26012
26018
26019
26021
26024
26025
26028
26030
26030
26031
26031
26032
26033
26034
26034
26037
26041
26042
26045
26047
26047
26048
26049
26049
26050
26052
26053
26061
26070
26073
26078
26079
26083
26086
26087
26088
26089
26090
26090
26095
26098
26098
26100
26103
26104
26104
26105
26106
26106
26109
26111
26111
26112
26112
26116
26117
26119
26120
26121
26123
26124
26124
26126
26126
26126
26128
26129
26131
26131
26134
26139
26140
26142
26145
26146
26147
26148
26149
26153
26156
26157
26158
26158
26160
26161
26163
26170
26170
26173
26173
26174
26177
26177
26180
26194
26198
26202
26205
26208
26210
26213
26213
26213
26216
26219
26223
26223
26224
26227
26228
26233
26238
26243
26245
26248
26251
26254
26254
26257
26260
26264
26268
26269
26269
26271
26271
26272
26281
26283
26283
26287
26289
26298
26301
26302
26309
26309
26310
26311
26314
26317
26317
26319
26319
26319
26326
26333
26337
26340
26340
26341
26341
26346
26346
26348
26350
26352
26354
26356
26357
26358
26359
26359
26359
26361
26364
26364
26367
26367
26368
26368
26375
26380
26381
26382
26383
26391
26392
26393
26396
26398
26398
26399
26399
26401
26403
26403
26404
26405
26417
26418
26418
26419
26420
26421
26425
26426
26426
26431
26432
26435
26436
26438
26439
26439
26439
26441
26442
26444
26444
26450
26450
26455
26461
26463
26464
26464
26465
26465
26467
26468
26470
26470
26472
26472
26477
26477
26478
26478
26479
26482
26484
26485
26486
26488
26488
26489
26490
26494
26495
26495
26498
26501
26504
26505
26505
26506
26507
26507
26508
26514
26514
26515
26518
26520
26521
26521
26526
26526
26527
26529
26529
26530
26532
26532
26535
26535
26538
26539
26541
26541
26544
26551
26551
26554
26556
26560
26561
26561
26564
26565
26575
26576
26577
26584
26585
26591
26600
26605
26606
26609
26610
26610
26613
26615
26615
26615
26615
26619
26620
26620
26626
26638
26638
26640
26641
26644
26646
26647
26647
26648
26650
26651
26654
26655
26655
26657
26659
26659
26659
26660
26660
26663
26664
26667
26667
26668
26669
26670
26670
26671
26674
26675
26677
26677
26685
26686
26692
26693
26696
26698
26698
26700
26701
26702
26704
26705
26705
26705
26705
26709
26713
26713
26719
26719
26720
26721
26724
26725
26726
26727
26731
26734
26735
26735
26736
26737
26741
26741
26741
26742
26745
26748
26748
26751
26751
26752
26756
26756
26758
26758
26759
26760
26761
26763
26764
26767
26769
26769
26769
26771
26772
26774
26774
26776
26778
26778
26778
26779
26780
26782
26782
26783
26784
26786
26787
26787
26787
26789
26789
26791
26792
26796
26797
26799
26802
26802
26803
26804
26805
26806
26807
26809
26811
26811
26813
26815
26816
26818
26818
26818
26824
26826
26826
26827
26827
26831
26832
26839
26841
26844
26847
26848
26849
26850
26855
26858
26864
26867
26868
26870
26872
26875
26877
26881
26883
26885
26886
26889
26890
26891
26894
26895
26896
26896
26897
26897
26898
26898
26900
26900
26901
26901
26903
26905
26906
26906
26908
26910
26911
26911
26912
26915
26916
26918
26919
26921
26923
26924
26925
26928
26929
26932
26932
26933
26934
26935
26939
26940
26940
26941
26943
26944
26944
26945
26947
26949
26950
26950
26951
26956
26959
26960
26962
26966
26968
26969
26971
26972
26972
26972
26973
26976
26976
26982
26986
26990
26990
26991
26994
26995
26995
26996
26998
26999
27005
27007
27010
27017
27019
27021
27021
27023
27024
27026
27026
27027
27027
27029
27029
27030
27036
27041
27041
27043
27044
27045
27046
27046
27046
27048
27050
27052
27062
27063
27065
27067
27067
27068
27070
27071
27071
27072
27074
27075
27075
27075
27077
27079
27082
27083
27087
27087
27087
27089
27095
27095
27095
27096
27099
27102
27103
27105
27105
27106
27107
27108
27111
27116
27118
27122
27122
27126
27127
27128
27135
27139
27141
27142
27142
27147
27148
27151
27153
27160
27160
27163
27163
27164
27168
27169
27170
27172
27174
27174
27178
27181
27181
27186
27186
27186
27188
27194
27197
27197
27198
27198
27199
27205
27210
27212
27213
27214
27214
27214
27217
27219
27221
27225
27227
27228
27230
27230
27235
27235
27235
27236
27237
27239
27244
27244
27247
27249
27250
27253
27253
27254
27256
27258
27258
27259
27264
27265
27270
27273
27275
27277
27277
27281
27284
27288
27292
27300
27300
27305
27307
27307
27307
27308
27313
27313
27316
27317
27321
27321
27324
27327
27330
27331
27331
27334
27336
27336
27337
27337
27339
27339
27340
27341
27349
27350
27353
27354
27355
27355
27356
27358
27359
27363
27364
27370
27371
27374
27376
27379
27383
27383
27385
27386
27389
27391
27393
27399
27403
27404
27406
27408
27408
27411
27412
27417
27419
27420
27422
27422
27427
27432
27433
27438
27440
27443
27444
27444
27444
27445
27446
27451
27455
27455
27458
27460
27460
27460
27461
27463
27468
27468
27469
27471
27473
27479
27480
27483
27488
27489
27489
27489
27491
27492
27492
27495
27495
27500
27502
27502
27502
27503
27505
27506
27509
27509
27511
27512
27515
27516
27516
27518
27518
27523
27527
27528
27532
27535
27536
27538
27539
27541
27542
27542
27543
27544
27544
27545
27547
27548
27557
27560
27562
27564
27566
27566
27567
27567
27570
27571
27575
27576
27576
27578
27580
27582
27585
27586
27586
27587
27592
27593
27598
27598
27606
27607
27607
27610
27610
27610
27613
27615
27616
27623
27623
27625
27626
27626
27630
27631
27631
27633
27636
27641
27644
27644
27646
27647
27653
27654
27657
27661
27664
27665
27666
27667
27683
27683
27683
27687
27688
27690
27697
27699
27699
27701
27704
27705
27709
27709
27713
27713
27716
27717
27718
27719
27722
27722
27723
27723
27732
27733
27735
27738
27741
27744
27748
27748
27748
27750
27755
27760
27763
27767
27772
27775
27780
27782
27784
27789
27794
27797
27803
27809
27810
27812
27813
27814
27814
27815
27823
27823
27824
27827
27831
27831
27833
27833
27834
27836
27838
27839
27842
27843
27848
27849
27851
27852
27855
27855
27855
27856
27857
27857
27858
27866
27870
27870
27875
27879
27879
27886
27888
27899
27899
27899
27900
27900
27903
27905
27906
27907
27908
27911
27911
27912
27912
27913
27915
27917
27918
27919
27919
27922
27924
27930
27930
27930
27931
27937
27938
27938
27941
27945
27949
27949
27951
27952
27956
27960
27968
27968
27971
27972
27972
27974
27975
27975
27976
27977
27980
27980
27980
27983
27987
27991
27993
27994
27997
27998
27999
28001
28001
28002
28004
28007
28009
28009
28010
28016
28016
28018
28019
28020
28021
28023
28026
28029
28032
28033
28035
28039
28042
28049
28052
28054
28062
28063
28065
28069
28071
28075
28078
28079
28088
28089
28089
28090
28093
28095
28097
28098
28101
28104
28109
28111
28115
28122
28125
28125
28125
28127
28127
28128
28128
28130
28132
28132
28134
28135
28136
28138
28139
28139
28142
28142
28143
28143
28144
28145
28146
28154
28156
28156
28158
28162
28163
28163
28163
28163
28164
28168
28180
28184
28184
28186
28187
28193
28193
28201
28201
28204
28207
28210
28213
28213
28213
28213
28215
28216
28218
28220
28224
28224
28224
28226
28226
28230
28234
28235
28238
28239
28240
28244
28247
28247
28249
28251
28257
28260
28262
28264
28264
28265
28270
28271
28280
28280
28281
28282
28282
28283
28284
28286
28292
28294
28299
28301
28301
28303
28306
28311
28317
28318
28322
28323
28323
28323
28324
28324
28328
28332
28335
28340
28340
28342
28343
28345
28347
28347
28348
28348
28348
28349
28349
28351
28356
28357
28357
28359
28364
28364
28364
28366
28367
28368
28369
28370
28373
28374
28381
28383
28385
28385
28385
28387
28388
28393
28394
28397
28400
28401
28402
28407
28407
28407
28411
28413
28415
28415
28416
28417
28418
28420
28420
28427
28427
28428
28429
28431
28432
28432
28443
28445
28446
28446
28449
28451
28453
28453
28457
28458
28458
28461
28464
28466
28468
28470
28473
28475
28480
28482
28482
28486
28488
28489
28495
28496
28496
28498
28500
28501
28506
28506
28507
28507
28508
28509
28512
28513
28514
28515
28516
28517
28526
28527
28528
28529
28540
28540
28542
28552
28554
28556
28561
28566
28567
28568
28572
28573
28573
28576
28577
28583
28587
28589
28596
28596
28601
28602
28605
28607
28607
28615
28615
28616
28617
28618
28622
28622
28625
28631
28632
28639
28641
28642
28643
28644
28649
28651
28651
28652
28654
28654
28656
28656
28658
28658
28659
28660
28662
28666
28667
28668
28669
28669
28671
28675
28675
28676
28676
28680
28682
28682
28683
28683
28685
28687
28691
28692
28694
28699
28700
28703
28705
28706
28707
28707
28708
28712
28714
28716
28719
28722
28725
28725
28727
28728
28728
28729
28729
28729
28731
28731
28733
28734
28734
28735
28741
28748
28750
28750
28751
28752
28755
28755
28759
28767
28767
28767
28770
28777
28778
28779
28781
28782
28783
28793
28796
28796
28797
28799
28800
28804
28806
28807
28809
28814
28815
28816
28819
28821
28822
28824
28826
28831
28832
28834
28839
28841
28849
28849
28852
28853
28854
28855
28858
28859
28860
28862
28864
28864
28868
28868
28871
28873
28873
28876
28876
28876
28883
28883
28885
28888
28888
28889
28894
28896
28898
28898
28901
28903
28906
28906
28906
28907
28908
28913
28914
28927
28928
28929
28932
28935
28937
28939
28940
28942
28943
28943
28945
28947
28948
28949
28953
28960
28960
28965
28967
28968
28971
28971
28972
28977
28977
28986
28986
28987
28988
28990
28990
28991
28992
28999
29000
29001
29001
29006
29011
29012
29018
29020
29020
29022
29023
29023
29024
29025
29028
29029
29030
29036
29036
29038
29039
29042
29044
29044
29047
29047
29048
29049
29051
29051
29065
29065
29067
29069
29070
29072
29076
29076
29077
29081
29083
29085
29088
29089
29089
29093
29094
29094
29096
29097
29099
29100
29102
29102
29104
29104
29105
29106
29107
29107
29110
29111
29113
29117
29119
29120
29121
29124
29125
29126
29127
29128
29128
29129
29131
29132
29132
29142
29146
29147
29147
29148
29151
29153
29161
29162
29168
29170
29171
29171
29174
29176
29179
29182
29182
29183
29184
29187
29193
29196
29199
29201
29201
29202
29202
29203
29204
29208
29211
29212
29212
29214
29218
29219
29220
29220
29222
29225
29229
29230
29230
29237
29242
29243
29245
29248
29249
29253
29254
29254
29255
29257
29258
29260
29261
29269
29271
29273
29275
29279
29280
29284
29284
29284
29285
29287
29288
29289
29289
29289
29291
29291
29295
29298
29300
29304
29307
29309
29313
29317
29317
29324
29324
29332
29337
29340
29342
29342
29344
29344
29345
29346
29350
29360
29362
29364
29368
29371
29372
29374
29376
29376
29377
29378
29381
29381
29382
29385
29386
29387
29392
29394
29394
29396
29397
29398
29400
29401
29402
29405
29410
29412
29414
29414
29415
29422
29423
29423
29424
29425
29428
29429
29433
29433
29433
29434
29437
29443
29450
29450
29450
29450
29455
29455
29458
29463
29464
29470
29472
29474
29475
29476
29477
29479
29480
29481
29482
29483
29485
29491
29494
29494
29495
29496
29498
29501
29503
29503
29506
29506
29509
29509
29512
29513
29514
29516
29517
29518
29520
29521
29528
29530
29530
29530
29530
29531
29537
29541
29544
29545
29548
29551
29551
29552
29552
29553
29555
29561
29561
29567
29569
29570
29571
29571
29574
29575
29575
29577
29577
29578
29580
29583
29587
29589
29589
29595
29595
29596
29601
29604
29604
29610
29618
29620
29622
29623
29628
29633
29637
29639
29646
29651
29651
29651
29657
29660
29665
29665
29667
29676
29678
29680
29683
29691
29693
29695
29698
29700
29701
29702
29704
29704
29706
29712
29713
29714
29715
29716
29716
29717
29720
29721
29721
29726
29730
29730
29730
29731
29736
29740
29741
29741
29743
29746
29751
29752
29753
29758
29759
29763
29766
29768
29769
29769
29773
29774
29775
29775
29776
29791
29791
29797
29798
29799
29799
29802
29803
29804
29807
29812
29813
29816
29818
29821
29823
29824
29832
29833
29837
29839
29841
29841
29841
29848
29849
29853
29859
29862
29863
29864
29864
29864
29869
29871
29871
29873
29873
29874
29875
29882
29883
29884
29884
29885
29886
29887
29889
29891
29895
29896
29896
29897
29898
29900
29900
29900
29901
29901
29903
29903
29905
29905
29906
29906
29908
29909
29910
29916
29916
29917
29923
29924
29927
29930
29935
29935
29939
29940
29941
29944
29945
29945
29948
29949
29955
29956
29956
29958
29963
29966
29968
29969
29973
29976
29977
29978
29985
29985
29986
29993
29996
29997
29999